LS1_DriftRatio	LS2_DriftRatio	LS3_DriftRatio	LS4_DriftRatio
0.0071562	0.0179539	0.0278624	0.0371782
0.0047426	0.0074884	0.0097349	0.0114822
0.0112100	0.0160677	0.0214059	0.0247154
0.0117181	0.0211936	0.0285385	0.0362196
0.0058161	0.0095795	0.0124534	0.0147114
0.0208132	0.0274216	0.0333506	0.0376738
0.0067827	0.0108021	0.0135655	0.0155752
0.0105263	0.0152461	0.0198727	0.0233193
0.0083747	0.0112626	0.0133803	0.0148242
0.0102344	0.0175499	0.0249024	0.0312204
0.0142045	0.0270165	0.0357435	0.0437741
0.0062119	0.0099649	0.0121650	0.0135885
0.0162667	0.0273281	0.0357868	0.0421935
0.0074425	0.0170006	0.0243298	0.0318856
0.0086710	0.0126451	0.0157522	0.0179200
0.0109286	0.0198943	0.0270563	0.0340591
0.0124055	0.0167907	0.0225608	0.0268017
0.0071440	0.0233745	0.0370699	0.0476378
0.0099316	0.0179558	0.0247304	0.0297948
0.0089004	0.0229557	0.0342322	0.0432534
0.0079286	0.0137368	0.0179777	0.0216654
0.0059555	0.0106252	0.0134676	0.0152272
0.0053693	0.0081353	0.0104131	0.0122029
0.0109334	0.0153521	0.0196008	0.0229432
0.0087626	0.0190744	0.0277101	0.0345677
0.0061830	0.0095762	0.0119891	0.0139495
0.0127543	0.0179858	0.0224390	0.0258113
0.0054516	0.0086652	0.0114770	0.0140594
0.0069606	0.0159971	0.0241381	0.0307730
0.0094230	0.0158859	0.0199808	0.0228422
0.0121723	0.0157834	0.0209768	0.0243445
0.0141321	0.0243461	0.0327767	0.0393158
0.0067540	0.0101309	0.0122091	0.0137677
0.0102520	0.0153314	0.0196185	0.0231135
0.0104873	0.0164430	0.0213630	0.0254413
0.0091638	0.0194462	0.0265449	0.0338156
0.0101415	0.0208237	0.0276191	0.0326126
0.0086256	0.0135265	0.0171858	0.0209759
0.0111132	0.0202229	0.0281117	0.0351866
0.0170552	0.0231494	0.0291998	0.0338033
0.0119872	0.0177588	0.0225537	0.0256615
0.0056373	0.0079477	0.0097036	0.0111823
0.0081854	0.0122063	0.0147912	0.0169452
0.0059603	0.0084621	0.0107432	0.0124356
0.0134918	0.0267506	0.0382318	0.0479646
0.0150461	0.0182670	0.0245162	0.0274966
0.0054431	0.0094887	0.0126516	0.0155203
0.0115987	0.0229000	0.0295915	0.0374232
0.0065003	0.0123072	0.0161206	0.0188941
0.0099223	0.0135471	0.0193837	0.0238688
0.0134655	0.0283612	0.0409197	0.0523270
0.0155163	0.0198366	0.0242177	0.0269559
0.0048559	0.0062126	0.0075694	0.0084263
0.0123323	0.0152937	0.0190509	0.0211726
0.0091984	0.0128323	0.0151035	0.0168069
0.0125701	0.0171473	0.0212463	0.0245254
0.0057487	0.0105119	0.0145360	0.0176567
0.0135385	0.0277712	0.0395307	0.0502053
0.0042769	0.0079550	0.0111199	0.0140283
0.0119967	0.0197522	0.0259929	0.0319307
0.0093714	0.0131598	0.0167090	0.0186630
0.0117927	0.0226850	0.0318055	0.0398222
0.0110538	0.0176148	0.0221076	0.0253167
0.0080903	0.0158624	0.0221346	0.0274979
0.0151531	0.0252074	0.0318862	0.0378470
0.0047853	0.0095706	0.0125753	0.0159138
0.0154827	0.0279826	0.0354636	0.0397722
0.0064293	0.0175310	0.0274367	0.0362957
0.0108483	0.0219338	0.0324560	0.0415555
0.0102221	0.0199795	0.0292724	0.0382996
0.0046278	0.0083502	0.0114689	0.0139840
0.0153695	0.0262306	0.0322417	0.0361353
0.0095553	0.0212617	0.0297663	0.0394717
0.0052652	0.0081461	0.0104309	0.0125171
0.0073417	0.0185359	0.0282763	0.0367810
0.0061679	0.0108355	0.0146696	0.0176702
0.0036653	0.0062834	0.0076797	0.0090760
0.0039421	0.0076651	0.0107312	0.0133592
0.0093878	0.0195919	0.0282747	0.0360669
0.0037071	0.0061058	0.0081774	0.0100310
0.0183192	0.0145203	0.0226668	0.0247351
0.0118787	0.0149278	0.0198507	0.0227727
0.0112692	0.0193350	0.0259706	0.0318627
0.0085262	0.0123037	0.0151098	0.0172684
0.0048577	0.0106869	0.0129538	0.0148968
0.0083124	0.0158479	0.0214024	0.0249371
0.0047696	0.0081977	0.0110296	0.0129673
0.0068729	0.0155275	0.0229095	0.0294005
0.0139087	0.0247504	0.0342131	0.0417737
0.0070510	0.0116795	0.0154429	0.0188602
0.0137321	0.0159191	0.0217679	0.0247431
0.0038318	0.0079968	0.0088298	0.0098294
0.0087404	0.0174809	0.0253306	0.0326235
0.0051213	0.0078420	0.0097625	0.0113629
0.0071882	0.0128430	0.0174435	0.0218523
0.0037799	0.0082798	0.0117897	0.0143096
0.0116830	0.0235812	0.0330813	0.0392609
0.0218709	0.0286601	0.0379889	0.0432752
0.0103731	0.0122181	0.0166052	0.0181221
0.0115928	0.0155514	0.0205467	0.0226516
0.0076548	0.0114562	0.0147368	0.0171843
0.0109209	0.0215970	0.0293837	0.0376111
0.0152501	0.0202531	0.0260495	0.0300863
0.0130076	0.0210418	0.0266528	0.0309888
0.0115209	0.0194969	0.0282026	0.0328423
0.0051778	0.0092249	0.0126768	0.0155335
0.0049653	0.0089553	0.0123247	0.0149847
0.0069401	0.0124276	0.0159783	0.0192063
0.0156811	0.0242677	0.0311788	0.0352627
0.0123700	0.0242150	0.0350428	0.0447551
0.0088642	0.0182366	0.0257457	0.0330854
0.0063298	0.0099841	0.0124639	0.0139647
0.0089509	0.0202535	0.0286427	0.0351716
0.0101987	0.0170282	0.0215812	0.0248138
0.0072529	0.0118854	0.0155820	0.0187171
0.0057736	0.0127776	0.0189297	0.0248926
0.0078080	0.0138983	0.0181147	0.0219406
0.0054505	0.0083361	0.0097789	0.0107408
0.0086631	0.0190910	0.0277139	0.0354144
0.0086781	0.0124965	0.0152735	0.0174720
0.0102348	0.0157859	0.0201226	0.0235921
0.0127228	0.0190984	0.0237813	0.0268280
0.0087642	0.0124160	0.0161801	0.0191578
0.0092801	0.0149909	0.0202377	0.0247350
0.0084795	0.0147173	0.0197856	0.0233918
0.0091697	0.0154997	0.0200550	0.0238412
0.0078699	0.0105860	0.0130235	0.0144861
0.0041034	0.0085488	0.0121393	0.0150458
0.0091267	0.0192609	0.0270246	0.0338400
0.0038182	0.0056510	0.0071783	0.0085529
0.0092337	0.0160482	0.0218948	0.0264108
0.0075503	0.0162899	0.0223921	0.0284945
0.0048917	0.0090608	0.0130632	0.0163984
0.0077356	0.0191868	0.0289325	0.0377646
0.0087427	0.0119218	0.0151009	0.0174853
0.0089758	0.0160305	0.0213215	0.0250378
0.0123244	0.0173363	0.0214444	0.0247308
0.0071763	0.0128149	0.0167874	0.0199912
0.0071843	0.0086211	0.0116639	0.0132698
0.0147180	0.0285161	0.0401914	0.0504161
0.0084785	0.0108297	0.0134659	0.0153183
0.0120989	0.0328493	0.0500862	0.0648700
0.0100484	0.0174278	0.0242576	0.0304592
0.0116133	0.0231643	0.0326546	0.0419578
0.0083623	0.0103070	0.0129323	0.0142936
0.0075315	0.0127874	0.0174471	0.0212401
0.0061019	0.0154211	0.0231872	0.0295850
0.0121332	0.0179470	0.0221809	0.0247719
0.0071975	0.0133453	0.0172439	0.0199430
0.0100586	0.0174273	0.0237595	0.0291390
0.0054711	0.0083256	0.0107043	0.0126074
0.0144365	0.0183769	0.0236772	0.0267808
0.0070618	0.0188889	0.0295677	0.0378351
0.0068846	0.0116739	0.0152658	0.0184836
0.0077024	0.0162782	0.0237821	0.0308095
0.0122179	0.0223404	0.0311734	0.0394262
0.0056406	0.0117570	0.0165821	0.0203878
0.0081790	0.0099532	0.0150597	0.0166608
0.0129465	0.0285363	0.0423538	0.0538283
0.0097208	0.0169954	0.0227454	0.0279869
0.0109822	0.0209730	0.0279893	0.0333281
0.0063168	0.0104971	0.0126336	0.0133768
0.0080136	0.0126882	0.0166950	0.0199785
0.0180210	0.0252910	0.0319976	0.0381411
0.0093884	0.0153791	0.0202671	0.0243502
0.0141390	0.0257968	0.0356534	0.0451020
0.0158262	0.0274049	0.0356671	0.0416602
0.0062450	0.0119969	0.0151194	0.0175845
0.0113730	0.0174990	0.0235976	0.0286523
0.0080460	0.0154834	0.0213657	0.0254903
0.0101678	0.0199469	0.0288518	0.0365909
0.0110631	0.0175077	0.0227707	0.0270671
0.0123091	0.0175376	0.0233336	0.0276358
0.0070329	0.0119709	0.0159612	0.0194526
0.0183611	0.0299870	0.0394482	0.0476265
0.0074855	0.0147173	0.0215050	0.0269606
0.0071449	0.0133777	0.0191545	0.0246272
0.0058730	0.0132143	0.0197943	0.0258305
0.0071839	0.0150687	0.0206318	0.0251436
0.0137384	0.0244083	0.0334742	0.0410059
0.0081073	0.0215212	0.0316922	0.0400453
0.0096935	0.0152634	0.0212026	0.0261879
0.0085272	0.0166872	0.0218689	0.0253777
0.0096802	0.0217409	0.0321881	0.0430321
0.0076632	0.0142572	0.0199007	0.0243561
0.0094224	0.0203046	0.0310209	0.0407751
0.0048019	0.0079167	0.0094741	0.0105124
0.0079290	0.0221000	0.0322642	0.0425549
0.0082272	0.0168951	0.0235797	0.0295297
0.0091422	0.0190924	0.0286172	0.0374618
0.0064150	0.0137552	0.0201702	0.0263385
0.0108670	0.0217846	0.0314890	0.0400814
0.0056778	0.0115091	0.0154989	0.0187214
0.0080969	0.0112911	0.0135939	0.0150796
0.0038218	0.0055415	0.0068792	0.0080257
0.0148500	0.0252480	0.0341819	0.0422792
0.0133609	0.0234511	0.0289487	0.0324977
0.0057849	0.0084364	0.0098826	0.0113289
0.0067906	0.0132039	0.0188626	0.0236160
0.0117254	0.0228565	0.0325221	0.0412764
0.0118591	0.0157427	0.0207013	0.0237875
0.0125517	0.0202327	0.0249161	0.0286630
0.0146867	0.0219288	0.0279049	0.0339821
0.0040053	0.0072095	0.0089718	0.0104137
0.0060358	0.0106114	0.0141160	0.0172313
0.0063199	0.0097706	0.0151212	0.0188046
0.0128716	0.0215931	0.0252621	0.0270064
0.0080235	0.0141532	0.0178909	0.0206318
0.0094983	0.0154923	0.0198726	0.0232845
0.0124921	0.0166283	0.0210151	0.0239814
0.0074808	0.0165093	0.0180570	0.0190889
0.0081341	0.0152092	0.0214181	0.0267606
0.0102362	0.0189228	0.0262009	0.0323050
0.0113029	0.0164482	0.0199065	0.0221840
0.0109137	0.0211095	0.0330284	0.0356133
0.0094165	0.0222572	0.0333305	0.0424433
0.0069123	0.0125804	0.0167970	0.0199075
0.0107909	0.0278887	0.0426897	0.0549388
0.0197299	0.0269388	0.0325670	0.0375626
0.0091491	0.0157941	0.0208020	0.0251358
0.0101687	0.0197932	0.0280427	0.0350606
0.0096025	0.0202596	0.0275863	0.0339694
0.0135694	0.0200411	0.0259699	0.0306879
0.0088834	0.0147426	0.0183337	0.0221139
0.0135509	0.0158299	0.0213735	0.0242683
0.0104459	0.0192974	0.0263896	0.0308428
0.0117734	0.0142694	0.0180369	0.0201089
0.0100476	0.0185867	0.0267424	0.0342589
0.0071987	0.0144504	0.0206963	0.0261484
0.0086492	0.0133793	0.0163524	0.0186499
0.0094307	0.0191747	0.0266315	0.0323966
0.0102806	0.0209581	0.0302860	0.0388202
0.0115994	0.0252181	0.0366886	0.0466126
0.0124278	0.0200576	0.0255635	0.0311482
0.0081668	0.0195722	0.0297456	0.0388277
0.0156949	0.0219910	0.0267360	0.0310246
0.0098964	0.0158274	0.0203446	0.0229308
0.0118800	0.0161048	0.0217017	0.0252044
0.0081536	0.0125059	0.0170784	0.0212103
0.0107631	0.0115551	0.0177106	0.0209503
0.0095971	0.0193041	0.0276190	0.0344322
0.0067207	0.0171711	0.0259228	0.0341575
0.0121564	0.0191229	0.0238453	0.0271649
0.0076676	0.0150570	0.0220096	0.0276510
0.0114899	0.0196373	0.0248252	0.0296997
0.0131426	0.0268941	0.0396071	0.0503862
0.0118374	0.0143682	0.0205726	0.0225319
0.0087090	0.0144750	0.0189196	0.0223431
0.0118046	0.0165667	0.0200545	0.0224019
0.0058211	0.0125155	0.0176090	0.0219748
0.0114097	0.0188609	0.0251479	0.0291063
0.0108388	0.0196900	0.0272990	0.0331687
0.0062880	0.0092922	0.0118074	0.0128554
0.0109833	0.0151769	0.0183721	0.0211678
0.0067563	0.0101907	0.0133437	0.0159336
0.0153632	0.0201311	0.0260142	0.0300851
0.0112080	0.0250532	0.0369205	0.0484881
0.0069593	0.0117120	0.0165495	0.0212174
0.0064118	0.0091724	0.0114878	0.0131798
0.0171119	0.0221087	0.0276529	0.0305277
0.0069101	0.0121238	0.0170477	0.0216407
0.0063655	0.0092167	0.0110733	0.0120679
0.0092704	0.0152713	0.0208998	0.0257419
0.0104158	0.0259361	0.0396860	0.0511345
0.0059704	0.0136090	0.0179112	0.0227402
0.0108063	0.0223725	0.0325457	0.0411991
0.0039325	0.0081675	0.0117974	0.0145199
0.0118868	0.0185435	0.0243813	0.0292680
0.0088106	0.0137728	0.0177224	0.0206593
0.0080540	0.0163128	0.0225921	0.0279843
0.0068443	0.0143210	0.0223184	0.0287164
0.0063540	0.0114373	0.0148261	0.0177913
0.0099570	0.0149354	0.0205571	0.0248364
0.0065435	0.0159044	0.0244473	0.0318087
0.0104682	0.0274481	0.0431366	0.0578085
0.0052441	0.0092963	0.0116800	0.0140637
0.0116020	0.0201100	0.0256433	0.0298974
0.0153329	0.0197987	0.0238181	0.0263487
0.0102369	0.0137902	0.0163282	0.0182741
0.0097954	0.0262006	0.0392213	0.0499723
0.0047839	0.0108607	0.0156446	0.0199113
0.0043161	0.0060934	0.0078706	0.0093939
0.0168663	0.0229139	0.0273524	0.0319574
0.0101233	0.0160653	0.0211270	0.0251984
0.0093565	0.0136375	0.0185805	0.0221996
0.0045877	0.0078373	0.0108957	0.0135719
0.0045103	0.0085806	0.0118808	0.0149610
0.0096581	0.0226204	0.0341848	0.0446690
0.0073899	0.0126860	0.0189674	0.0219233
0.0110122	0.0144176	0.0205208	0.0229089
0.0144691	0.0212555	0.0261852	0.0302827
0.0055872	0.0087533	0.0106157	0.0119194
0.0067772	0.0129551	0.0185336	0.0235589
0.0099320	0.0141783	0.0176329	0.0204397
0.0080354	0.0128870	0.0167278	0.0198611
0.0061380	0.0109120	0.0150040	0.0185503
0.0120887	0.0138850	0.0190313	0.0211189
0.0077785	0.0134432	0.0179243	0.0216445
0.0030352	0.0070043	0.0096893	0.0124910
0.0118868	0.0213366	0.0294933	0.0365557
0.0105126	0.0176003	0.0245987	0.0302272
0.0072596	0.0097569	0.0132996	0.0156808
0.0062707	0.0158956	0.0237705	0.0306974
0.0079068	0.0152785	0.0218477	0.0278224
0.0071526	0.0148160	0.0207147	0.0255914
0.0046731	0.0070096	0.0090123	0.0106813
0.0101427	0.0120133	0.0209090	0.0233199
0.0077362	0.0132160	0.0178094	0.0214357
0.0078776	0.0137070	0.0170156	0.0189063
0.0131124	0.0164241	0.0213916	0.0243005
0.0114635	0.0189851	0.0269895	0.0330630
0.0104136	0.0188331	0.0249260	0.0301330
0.0056013	0.0104558	0.0145634	0.0181108
0.0102945	0.0131132	0.0164222	0.0183830
0.0113528	0.0176051	0.0204569	0.0218829
0.0066138	0.0099206	0.0126764	0.0148810
0.0106775	0.0229163	0.0327376	0.0420047
0.0186687	0.0210077	0.0288477	0.0326593
0.0119110	0.0200800	0.0270895	0.0330450
0.0073208	0.0170485	0.0247705	0.0307876
0.0094358	0.0177449	0.0244344	0.0309480
0.0111184	0.0195060	0.0260892	0.0306732
0.0101310	0.0157355	0.0193999	0.0228488
0.0097821	0.0164649	0.0233092	0.0287005
0.0103077	0.0155646	0.0207184	0.0250133
0.0051032	0.0098049	0.0127865	0.0149654
0.0121696	0.0212876	0.0292291	0.0350014
0.0079223	0.0150490	0.0214134	0.0260210
0.0131508	0.0281271	0.0412779	0.0519946
0.0076156	0.0106075	0.0135993	0.0153673
0.0158951	0.0231565	0.0293887	0.0335627
0.0115575	0.0173362	0.0204248	0.0213215
0.0071851	0.0103784	0.0125073	0.0143701
0.0081569	0.0103723	0.0133933	0.0155081
0.0044250	0.0074470	0.0092818	0.0101452
0.0085988	0.0205784	0.0310147	0.0404218
0.0070034	0.0121487	0.0155790	0.0190092
0.0082192	0.0150416	0.0196616	0.0244427
0.0136721	0.0236154	0.0323850	0.0395317
0.0100046	0.0170141	0.0227883	0.0272657
0.0174071	0.0241023	0.0298887	0.0346710
0.0091914	0.0128530	0.0157673	0.0180839
0.0063054	0.0123205	0.0172985	0.0216542
0.0158019	0.0251394	0.0314601	0.0364161
0.0100963	0.0266670	0.0407024	0.0527002
0.0105211	0.0156063	0.0209544	0.0253383
0.0137489	0.0265097	0.0369555	0.0450580
0.0105404	0.0144442	0.0180357	0.0203000
0.0082013	0.0120794	0.0150674	0.0171018
0.0078187	0.0138559	0.0188044	0.0224664
0.0120713	0.0246227	0.0336077	0.0431756
0.0100981	0.0120597	0.0156921	0.0173630
0.0140597	0.0207404	0.0238681	0.0254471
0.0135413	0.0273471	0.0397777	0.0499865
0.0070313	0.0122100	0.0163783	0.0193255
0.0073862	0.0112892	0.0157377	0.0191371
0.0117751	0.0164656	0.0208629	0.0240876
0.0074937	0.0141548	0.0190749	0.0231623
0.0060982	0.0103767	0.0134258	0.0155897
0.0100518	0.0179362	0.0245875	0.0311642
0.0107623	0.0189095	0.0241063	0.0273584
0.0083056	0.0210260	0.0314268	0.0408548
0.0063188	0.0109401	0.0145239	0.0173532
0.0119985	0.0244055	0.0336921	0.0412330
0.0038117	0.0072422	0.0096246	0.0121021
0.0051677	0.0115905	0.0169797	0.0211877
0.0054410	0.0095549	0.0131380	0.0167211
0.0076904	0.0124072	0.0167139	0.0206103
0.0121546	0.0184715	0.0235759	0.0267625
0.0090822	0.0183357	0.0254759	0.0329586
0.0095424	0.0215557	0.0320779	0.0415777
0.0070729	0.0127985	0.0158297	0.0173453
0.0083704	0.0120175	0.0147080	0.0165614
0.0077755	0.0110303	0.0130194	0.0146468
0.0115437	0.0218525	0.0300135	0.0366714
0.0093956	0.0119309	0.0144662	0.0159575
0.0124385	0.0253110	0.0356765	0.0440652
0.0052646	0.0090053	0.0120532	0.0142699
0.0139122	0.0253790	0.0309764	0.0345632
0.0091820	0.0123443	0.0150874	0.0166496
0.0129786	0.0264979	0.0379083	0.0485075
0.0143819	0.0200203	0.0236975	0.0258220
0.0120016	0.0256153	0.0371391	0.0489616
0.0034095	0.0062261	0.0074120	0.0081532
0.0063658	0.0091146	0.0112847	0.0127315
0.0155888	0.0200724	0.0274066	0.0319199
0.0141695	0.0223414	0.0293911	0.0355640
0.0066762	0.0095575	0.0119469	0.0129308
0.0046693	0.0088981	0.0126863	0.0163865
0.0090841	0.0231437	0.0346401	0.0441388
0.0095738	0.0200664	0.0295809	0.0383840
0.0081711	0.0105307	0.0145944	0.0174783
0.0122399	0.0227537	0.0326711	0.0407996
0.0066785	0.0162409	0.0231472	0.0286872
0.0096403	0.0151957	0.0191989	0.0224668
0.0161298	0.0189223	0.0248825	0.0280500
0.0158197	0.0282633	0.0383436	0.0482792
0.0045449	0.0071762	0.0083722	0.0100466
0.0056617	0.0091280	0.0135187	0.0161762
0.0053194	0.0084157	0.0109563	0.0126236
0.0086164	0.0151403	0.0194486	0.0231413
0.0089853	0.0203745	0.0336521	0.0436104
0.0099297	0.0175577	0.0232788	0.0278490
0.0060820	0.0101366	0.0133804	0.0164889
0.0066967	0.0108467	0.0144308	0.0172604
0.0109905	0.0239339	0.0344267	0.0444215
0.0101108	0.0215520	0.0295785	0.0359643
0.0144912	0.0182913	0.0228515	0.0254356
0.0184025	0.0252133	0.0308454	0.0351677
0.0085912	0.0250018	0.0402043	0.0534603
0.0122168	0.0249447	0.0329188	0.0411996
0.0055618	0.0087954	0.0111236	0.0131931
0.0076556	0.0123987	0.0173915	0.0218017
0.0102480	0.0337580	0.0528840	0.0707494
0.0055190	0.0106529	0.0143750	0.0175837
0.0041164	0.0069979	0.0089189	0.0104282
0.0137816	0.0248570	0.0336422	0.0414283
0.0083857	0.0151029	0.0197237	0.0230608
0.0058336	0.0089326	0.0109379	0.0123963
0.0111640	0.0166514	0.0214197	0.0255447
0.0109384	0.0137164	0.0152790	0.0177965
0.0083926	0.0150769	0.0198302	0.0233952
0.0118671	0.0201181	0.0259752	0.0299479
0.0052347	0.0096696	0.0133775	0.0163584
0.0126108	0.0214513	0.0287316	0.0345171
0.0102852	0.0220314	0.0306218	0.0362903
0.0050511	0.0080078	0.0099789	0.0119501
0.0105263	0.0187257	0.0255401	0.0313017
0.0091878	0.0171910	0.0255410	0.0322441
0.0087621	0.0162406	0.0221006	0.0269002
0.0091114	0.0234807	0.0334565	0.0406232
0.0069528	0.0132103	0.0188796	0.0238535
0.0121644	0.0111283	0.0174982	0.0202994
0.0105730	0.0208117	0.0297548	0.0381547
0.0090198	0.0129332	0.0164171	0.0188987
0.0118262	0.0190879	0.0230300	0.0259347
0.0050522	0.0105934	0.0140159	0.0174384
0.0121462	0.0193554	0.0268731	0.0330444
0.0087153	0.0121442	0.0167162	0.0195737
0.0198926	0.0266432	0.0313110	0.0359790
0.0044364	0.0089809	0.0126599	0.0152568
0.0122950	0.0198647	0.0272968	0.0328480
0.0078322	0.0122037	0.0154823	0.0182144
0.0054605	0.0092020	0.0121850	0.0147636
0.0150050	0.0206716	0.0262021	0.0301913
0.0083432	0.0125149	0.0152620	0.0178057
0.0171981	0.0196548	0.0257186	0.0282278
0.0119703	0.0260085	0.0376584	0.0491918
0.0132912	0.0202562	0.0265823	0.0317902
0.0134625	0.0226737	0.0302317	0.0363724
0.0085444	0.0121676	0.0161694	0.0191977
0.0051469	0.0080173	0.0097000	0.0108878
0.0120754	0.0270259	0.0372803	0.0452827
0.0044753	0.0070017	0.0085898	0.0093838
0.0131607	0.0188080	0.0229330	0.0256829
0.0137374	0.0217510	0.0271887	0.0308138
0.0034631	0.0066788	0.0091524	0.0111313
0.0080607	0.0171017	0.0249444	0.0323153
0.0050483	0.0091694	0.0125693	0.0149389
0.0050295	0.0080279	0.0103493	0.0123804
0.0107340	0.0258671	0.0398125	0.0512063
0.0112855	0.0163333	0.0213812	0.0245541
0.0084195	0.0163050	0.0216031	0.0263673
0.0111626	0.0201520	0.0279561	0.0353649
0.0103191	0.0122539	0.0162526	0.0178650
0.0062850	0.0129822	0.0186490	0.0239037
0.0129408	0.0237418	0.0332182	0.0413019
0.0112153	0.0197534	0.0256866	0.0303176
0.0072188	0.0159525	0.0237952	0.0304792
0.0133227	0.0158269	0.0214366	0.0239408
0.0135623	0.0172512	0.0286706	0.0334174
0.0080393	0.0195576	0.0293363	0.0382687
0.0145498	0.0287519	0.0388821	0.0488633
0.0045516	0.0087635	0.0121603	0.0148097
0.0088862	0.0161637	0.0222156	0.0271183
0.0100712	0.0176007	0.0234464	0.0279896
0.0132679	0.0218741	0.0288218	0.0354558
0.0087497	0.0218557	0.0334481	0.0437115
0.0052377	0.0086268	0.0113227	0.0137875
0.0149504	0.0178740	0.0232562	0.0255817
0.0084693	0.0250927	0.0398253	0.0537701
0.0084689	0.0161875	0.0213332	0.0271220
0.0134083	0.0308671	0.0459515	0.0596741
0.0063379	0.0115865	0.0156467	0.0194098
0.0093588	0.0147892	0.0184864	0.0214905
0.0076632	0.0123212	0.0151761	0.0175802
0.0046362	0.0086101	0.0118388	0.0149020
0.0199238	0.0325542	0.0420269	0.0495428
0.0133976	0.0208903	0.0266960	0.0323032
0.0087974	0.0175948	0.0248087	0.0305563
0.0133158	0.0215053	0.0292573	0.0359152
0.0090772	0.0124710	0.0154966	0.0174592
0.0071765	0.0166655	0.0236825	0.0301414
0.0088038	0.0178904	0.0262903	0.0330749
0.0056675	0.0126379	0.0185008	0.0238426
0.0038291	0.0077949	0.0101197	0.0121710
0.0053933	0.0088091	0.0113259	0.0136631
0.0069692	0.0102704	0.0129114	0.0151855
0.0066216	0.0091047	0.0117717	0.0134271
0.0108337	0.0136401	0.0182738	0.0216022
0.0074991	0.0131385	0.0166181	0.0197977
0.0095522	0.0155285	0.0202801	0.0249827
0.0120669	0.0196343	0.0276618	0.0333886
0.0119621	0.0206170	0.0269499	0.0327198
0.0074729	0.0135821	0.0184912	0.0226914
0.0070042	0.0176244	0.0271371	0.0362913
0.0037528	0.0063115	0.0085291	0.0102349
0.0134887	0.0170396	0.0224300	0.0242694
0.0091161	0.0146559	0.0184426	0.0225798
0.0050597	0.0129505	0.0198173	0.0253588
0.0136374	0.0259817	0.0367584	0.0457324
0.0099958	0.0151569	0.0206146	0.0249748
0.0042223	0.0067556	0.0084445	0.0101334
0.0080048	0.0137416	0.0177440	0.0204122
0.0097147	0.0172396	0.0243266	0.0304579
0.0146465	0.0202799	0.0252822	0.0293832
0.0083871	0.0138685	0.0184253	0.0223218
0.0181986	0.0245513	0.0295961	0.0320624
0.0109978	0.0179964	0.0231203	0.0268071
0.0080105	0.0101244	0.0128503	0.0142410
0.0067382	0.0117918	0.0160031	0.0197466
0.0144924	0.0243736	0.0314550	0.0368897
0.0042019	0.0081827	0.0112788	0.0141538
0.0037203	0.0103823	0.0159196	0.0201590
0.0095740	0.0159566	0.0218833	0.0272021
0.0057343	0.0091518	0.0120479	0.0145965
0.0039868	0.0078003	0.0105737	0.0128272
0.0118366	0.0146870	0.0199048	0.0222722
0.0060354	0.0100307	0.0128359	0.0146210
0.0092346	0.0154391	0.0199843	0.0230505
0.0078842	0.0174632	0.0251632	0.0316474
0.0125848	0.0183300	0.0249781	0.0301762
0.0112957	0.0191017	0.0247954	0.0304893
0.0091461	0.0120007	0.0159621	0.0182924
0.0071056	0.0111416	0.0148365	0.0168830
0.0052594	0.0088131	0.0113717	0.0136461
0.0104003	0.0201006	0.0281008	0.0350011
0.0152470	0.0162294	0.0236607	0.0276753
0.0091736	0.0147261	0.0190715	0.0231755
0.0100046	0.0182198	0.0243202	0.0292819
0.0036802	0.0058270	0.0067470	0.0076671
0.0092840	0.0164838	0.0210311	0.0242521
0.0071494	0.0114177	0.0154726	0.0183537
0.0138484	0.0192109	0.0253101	0.0301717
0.0077557	0.0221353	0.0352153	0.0465344
0.0162319	0.0239750	0.0294812	0.0342992
0.0097645	0.0102022	0.0152528	0.0178791
0.0060683	0.0135905	0.0195324	0.0251583
0.0097309	0.0162022	0.0214271	0.0257892
0.0120707	0.0152592	0.0204974	0.0209529
0.0095306	0.0158414	0.0204136	0.0236333
0.0041034	0.0088907	0.0118543	0.0139060
0.0099895	0.0251386	0.0386959	0.0506614
0.0153861	0.0222481	0.0288544	0.0343524
0.0117565	0.0143329	0.0204613	0.0240882
0.0031295	0.0056331	0.0073022	0.0089712
0.0073829	0.0153710	0.0210595	0.0249325
0.0108241	0.0154630	0.0198208	0.0224917
0.0142537	0.0261651	0.0359333	0.0448544
0.0062777	0.0180185	0.0274591	0.0350786
0.0121263	0.0234301	0.0330654	0.0403271
0.0197773	0.0294580	0.0356347	0.0419302
0.0085169	0.0124660	0.0161297	0.0191273
0.0077730	0.0168863	0.0233574	0.0284501
0.0086075	0.0129486	0.0164664	0.0192358
0.0065571	0.0096500	0.0118769	0.0134852
0.0111713	0.0154701	0.0205629	0.0242868
0.0077620	0.0186287	0.0277705	0.0358776
0.0081160	0.0120340	0.0144595	0.0162319
0.0049636	0.0101755	0.0119127	0.0136500
0.0114200	0.0160320	0.0187406	0.0202047
0.0137349	0.0150490	0.0214925	0.0250111
0.0106352	0.0141901	0.0201149	0.0245883
0.0094885	0.0206999	0.0287227	0.0347656
0.0107699	0.0151804	0.0171293	0.0176421
0.0099800	0.0196223	0.0270843	0.0335023
0.0085412	0.0120715	0.0146908	0.0167407
0.0049753	0.0079605	0.0100750	0.0116920
0.0080479	0.0137637	0.0181534	0.0215829
0.0108152	0.0233231	0.0333389	0.0431197
0.0042758	0.0085516	0.0119273	0.0148528
0.0077038	0.0121599	0.0157853	0.0181266
0.0110652	0.0156757	0.0195617	0.0225256
0.0138927	0.0221587	0.0282020	0.0338285
0.0063057	0.0110848	0.0137398	0.0142044
0.0100135	0.0159207	0.0204592	0.0240611
0.0135562	0.0227335	0.0299540	0.0350784
0.0067634	0.0100761	0.0128367	0.0149761
0.0087036	0.0127088	0.0170221	0.0198720
0.0087668	0.0150652	0.0206828	0.0253641
0.0089710	0.0155957	0.0186320	0.0199431
0.0058522	0.0097536	0.0123929	0.0143436
0.0136935	0.0220153	0.0296325	0.0354006
0.0080734	0.0125039	0.0148176	0.0156545
0.0110598	0.0171604	0.0226706	0.0267246
0.0080157	0.0112561	0.0139848	0.0155197
0.0030979	0.0051024	0.0065602	0.0076536
0.0071688	0.0109057	0.0142613	0.0167780
0.0169356	0.0269129	0.0363747	0.0435908
0.0124208	0.0174829	0.0224043	0.0261073
0.0105209	0.0159163	0.0195132	0.0225705
0.0074096	0.0152092	0.0222288	0.0281849
0.0103665	0.0244835	0.0361984	0.0477449
0.0037297	0.0076413	0.0107342	0.0135542
0.0045187	0.0084951	0.0108448	0.0131945
0.0064655	0.0104167	0.0132902	0.0153556
0.0141827	0.0219629	0.0282033	0.0327823
0.0148755	0.0237344	0.0306984	0.0374255
0.0090531	0.0137169	0.0170089	0.0196151
0.0067852	0.0119466	0.0164701	0.0201237
0.0085901	0.0138158	0.0181825	0.0215469
0.0096241	0.0142903	0.0165748	0.0177900
0.0075776	0.0119864	0.0151553	0.0173597
0.0084427	0.0164801	0.0240785	0.0304949
0.0171502	0.0138179	0.0217264	0.0241257
0.0106954	0.0184663	0.0255687	0.0313342
0.0080264	0.0091596	0.0126062	0.0143059
0.0077721	0.0121438	0.0154469	0.0183615
0.0038517	0.0071042	0.0095864	0.0119830
0.0082027	0.0115007	0.0153906	0.0187731
0.0095336	0.0204290	0.0303030	0.0395271
0.0055766	0.0083649	0.0098521	0.0111532
0.0114774	0.0199792	0.0237200	0.0257179
0.0123838	0.0214773	0.0283571	0.0343395
0.0109575	0.0161462	0.0213961	0.0254555
0.0088118	0.0195096	0.0292181	0.0378135
0.0125112	0.0226783	0.0305558	0.0376155
0.0059797	0.0106305	0.0134210	0.0154143
0.0079334	0.0145988	0.0216543	0.0273442
0.0095519	0.0163812	0.0212726	0.0247795
0.0093764	0.0139986	0.0176963	0.0203815
0.0114029	0.0203402	0.0279569	0.0346929
0.0113686	0.0283341	0.0429967	0.0560268
0.0084640	0.0126145	0.0164396	0.0197357
0.0060518	0.0082750	0.0098806	0.0112391
0.0093619	0.0169062	0.0235589	0.0291143
0.0053540	0.0103429	0.0135066	0.0152102
0.0081677	0.0133350	0.0180023	0.0219611
0.0060333	0.0112882	0.0136237	0.0157646
0.0105830	0.0194126	0.0268019	0.0330641
0.0057937	0.0093288	0.0115874	0.0134531
0.0086420	0.0129016	0.0174070	0.0208884
0.0064493	0.0114595	0.0155103	0.0186551
0.0076306	0.0113680	0.0137039	0.0157284
0.0136969	0.0205454	0.0261099	0.0307647
0.0078531	0.0137960	0.0176165	0.0204464
0.0219550	0.0368001	0.0470381	0.0560247
0.0096768	0.0160929	0.0205106	0.0242971
0.0132762	0.0247121	0.0322484	0.0392151
0.0071198	0.0122553	0.0175076	0.0224097
0.0058930	0.0135479	0.0202307	0.0257592
0.0113477	0.0178321	0.0214156	0.0237193
0.0048204	0.0099190	0.0129781	0.0160372
0.0096634	0.0137407	0.0187559	0.0212023
0.0130884	0.0208185	0.0255620	0.0289878
0.0089333	0.0129778	0.0167556	0.0195556
0.0088278	0.0152697	0.0192065	0.0230239
0.0036573	0.0086446	0.0121357	0.0149618
0.0068375	0.0114927	0.0145478	0.0171664
0.0104440	0.0139673	0.0171131	0.0195038
0.0052852	0.0078691	0.0101007	0.0118624
0.0090179	0.0129529	0.0159042	0.0183636
0.0096600	0.0132451	0.0169797	0.0195191
0.0122188	0.0146208	0.0166051	0.0181716
0.0050847	0.0106707	0.0146811	0.0184051
0.0097892	0.0314514	0.0508725	0.0683674
0.0144091	0.0268567	0.0366263	0.0448116
0.0089291	0.0148634	0.0184683	0.0203539
0.0081550	0.0130254	0.0169141	0.0203120
0.0092315	0.0138154	0.0169987	0.0197362
0.0147558	0.0276933	0.0381832	0.0480436
0.0103372	0.0194881	0.0281644	0.0355530
0.0083272	0.0142752	0.0192035	0.0232821
0.0057276	0.0092881	0.0117649	0.0136225
0.0109983	0.0121890	0.0182678	0.0204926
0.0092286	0.0203448	0.0295035	0.0367744
0.0152598	0.0225236	0.0283798	0.0338417
0.0135389	0.0202056	0.0252863	0.0291042
0.0059027	0.0107181	0.0146792	0.0184072
0.0060584	0.0088982	0.0111701	0.0130634
0.0067706	0.0208819	0.0341380	0.0465389
0.0042253	0.0082158	0.0115021	0.0143972
0.0075473	0.0135477	0.0180479	0.0225013
0.0078668	0.0106615	0.0128352	0.0146984
0.0079275	0.0169874	0.0242920	0.0311436
0.0129076	0.0204775	0.0264298	0.0304089
0.0095531	0.0177682	0.0250187	0.0305265
0.0082702	0.0153898	0.0208554	0.0252422
0.0081610	0.0202897	0.0310207	0.0400384
0.0093946	0.0160773	0.0210167	0.0263436
0.0027303	0.0047325	0.0065527	0.0080089
0.0109852	0.0221579	0.0308925	0.0374568
0.0154571	0.0206219	0.0240904	0.0255984
0.0095778	0.0151649	0.0192785	0.0227166
0.0124964	0.0226150	0.0319674	0.0403424
0.0136834	0.0268769	0.0365645	0.0456869
0.0080221	0.0161826	0.0233288	0.0299678
0.0055879	0.0111757	0.0125727	0.0134458
0.0062966	0.0109361	0.0143164	0.0168350
0.0132756	0.0227416	0.0295527	0.0350360
0.0104827	0.0196830	0.0259280	0.0323961
0.0148711	0.0193946	0.0239747	0.0273673
0.0110307	0.0173555	0.0224661	0.0272224
0.0086741	0.0198265	0.0300427	0.0395429
0.0165485	0.0234831	0.0289467	0.0328342
0.0103388	0.0140984	0.0181321	0.0208735
0.0099818	0.0149727	0.0206709	0.0246794
0.0094260	0.0104100	0.0164179	0.0189038
0.0095947	0.0172858	0.0233015	0.0280989
0.0124766	0.0267728	0.0372219	0.0475151
0.0089561	0.0174946	0.0253833	0.0322976
0.0103413	0.0182718	0.0249968	0.0317853
0.0086678	0.0131305	0.0170782	0.0200390
0.0062587	0.0099822	0.0130719	0.0160032
0.0180161	0.0244823	0.0289965	0.0309078
0.0053114	0.0101045	0.0123068	0.0136023
0.0083833	0.0110742	0.0140239	0.0161973
0.0080743	0.0132889	0.0173261	0.0209427
0.0099511	0.0179554	0.0244143	0.0302244
0.0036877	0.0075696	0.0106750	0.0130041
0.0121540	0.0169555	0.0199565	0.0216070
0.0063563	0.0099263	0.0126256	0.0146283
0.0160541	0.0219741	0.0260545	0.0279274
0.0132023	0.0158427	0.0231605	0.0268948
0.0037733	0.0068130	0.0083852	0.0098526
0.0120132	0.0160359	0.0217004	0.0256137
0.0192564	0.0228445	0.0276885	0.0303199
0.0096145	0.0195606	0.0274512	0.0287110
0.0061606	0.0076437	0.0100395	0.0112184
0.0050925	0.0099021	0.0140516	0.0177295
0.0101089	0.0236323	0.0356282	0.0450632
0.0140263	0.0187573	0.0253540	0.0303515
0.0103428	0.0148196	0.0172895	0.0194507
0.0086415	0.0148373	0.0196472	0.0235603
0.0051531	0.0077940	0.0109503	0.0129471
0.0126795	0.0153137	0.0192872	0.0215641
0.0107832	0.0244086	0.0366129	0.0472290
0.0074537	0.0120088	0.0138032	0.0158737
0.0105058	0.0160789	0.0199865	0.0231896
0.0034814	0.0111404	0.0167106	0.0220197
0.0085846	0.0208195	0.0289984	0.0373127
0.0080287	0.0115970	0.0146301	0.0166818
0.0050253	0.0087281	0.0105795	0.0119019
0.0075089	0.0129753	0.0176608	0.0219259
0.0090021	0.0174699	0.0244578	0.0287739
0.0046931	0.0070943	0.0088406	0.0101503
0.0058685	0.0090868	0.0109798	0.0124943
0.0063679	0.0077762	0.0102866	0.0111439
0.0046660	0.0083176	0.0103463	0.0121721
0.0072678	0.0122718	0.0164418	0.0196587
0.0053731	0.0095296	0.0137875	0.0156123
0.0112838	0.0180909	0.0217091	0.0230582
0.0124519	0.0252177	0.0348443	0.0435292
0.0117420	0.0277085	0.0427103	0.0551509
0.0070227	0.0153074	0.0217266	0.0261159
0.0171038	0.0265167	0.0340929	0.0408655
0.0097940	0.0132561	0.0166726	0.0188136
0.0142297	0.0212163	0.0270493	0.0321129
0.0049002	0.0088733	0.0113897	0.0141709
0.0116292	0.0140234	0.0179910	0.0196328
0.0067386	0.0129062	0.0179887	0.0219291
0.0115858	0.0254368	0.0394179	0.0507173
0.0091712	0.0152108	0.0194609	0.0229654
0.0053672	0.0082184	0.0103989	0.0117406
0.0140931	0.0170683	0.0217660	0.0240365
0.0091765	0.0190084	0.0269614	0.0328168
0.0103222	0.0143967	0.0203275	0.0232701
0.0091210	0.0175463	0.0246575	0.0304547
0.0127534	0.0158517	0.0206073	0.0231291
0.0069130	0.0093600	0.0121130	0.0141930
0.0106964	0.0174151	0.0229638	0.0276769
0.0067692	0.0094768	0.0114109	0.0121845
0.0108332	0.0158244	0.0195111	0.0222903
0.0086444	0.0158417	0.0207922	0.0244479
0.0134040	0.0167059	0.0232117	0.0272983
0.0135166	0.0200990	0.0267821	0.0313044
0.0207012	0.0281387	0.0296263	0.0302462
0.0131053	0.0236521	0.0329982	0.0405167
0.0092695	0.0178606	0.0237953	0.0288822
0.0143112	0.0222717	0.0277726	0.0308584
0.0085297	0.0138776	0.0180070	0.0215272
0.0055239	0.0101439	0.0145630	0.0173752
0.0084399	0.0127681	0.0157978	0.0185029
0.0034194	0.0074087	0.0106381	0.0131077
0.0122434	0.0157024	0.0214259	0.0246112
0.0078527	0.0147576	0.0192706	0.0237838
0.0067494	0.0116124	0.0162656	0.0204579
0.0086513	0.0169909	0.0235379	0.0293053
0.0096940	0.0229692	0.0349170	0.0455989
0.0156484	0.0191737	0.0258802	0.0291903
0.0047840	0.0105061	0.0148211	0.0181980
0.0102044	0.0113744	0.0171265	0.0200514
0.0071454	0.0187707	0.0282486	0.0357273
0.0147450	0.0328534	0.0473637	0.0578064
0.0150941	0.0238738	0.0305775	0.0353782
0.0026244	0.0048989	0.0059486	0.0066485
0.0116934	0.0294417	0.0435619	0.0572899
0.0055789	0.0091399	0.0121074	0.0140066
0.0133080	0.0193811	0.0215991	0.0221008
0.0095472	0.0184833	0.0265793	0.0336824
0.0125812	0.0161172	0.0219612	0.0251623
0.0070879	0.0158821	0.0219198	0.0278921
0.0089880	0.0174199	0.0247401	0.0312726
0.0089388	0.0167175	0.0218352	0.0255880
0.0079709	0.0144261	0.0194219	0.0234634
0.0142311	0.0209384	0.0260708	0.0296870
0.0095310	0.0159413	0.0207490	0.0242072
0.0135144	0.0222737	0.0287389	0.0328683
0.0055294	0.0115748	0.0165144	0.0210854
0.0082823	0.0145145	0.0178766	0.0189427
0.0118513	0.0229009	0.0323471	0.0400505
0.0096120	0.0126550	0.0173885	0.0204798
0.0155292	0.0249502	0.0345264	0.0399099
0.0101729	0.0161929	0.0214889	0.0257181
0.0035822	0.0058377	0.0075625	0.0088892
0.0105773	0.0199661	0.0275723	0.0337522
0.0056229	0.0092010	0.0120125	0.0143979
0.0114803	0.0196471	0.0271109	0.0333363
0.0122350	0.0200433	0.0255768	0.0301263
0.0112190	0.0215325	0.0304684	0.0389712
0.0093911	0.0227133	0.0324319	0.0413862
0.0115052	0.0175439	0.0225019	0.0267607
0.0129639	0.0271849	0.0394024	0.0516199
0.0066851	0.0129458	0.0174026	0.0206921
0.0060095	0.0134695	0.0201698	0.0268701
0.0070370	0.0146296	0.0213580	0.0280246
0.0081755	0.0144072	0.0191525	0.0232689
0.0086475	0.0111760	0.0149182	0.0176489
0.0051183	0.0119639	0.0177860	0.0227763
0.0103659	0.0153569	0.0198753	0.0234488
0.0209505	0.0295603	0.0373091	0.0424750
0.0122409	0.0232951	0.0317383	0.0376722
0.0050178	0.0100357	0.0142612	0.0176064
0.0068920	0.0099551	0.0122524	0.0137839
0.0126218	0.0257880	0.0366774	0.0452899
0.0105193	0.0217020	0.0323477	0.0411929
0.0073056	0.0158107	0.0238796	0.0311489
0.0130906	0.0249093	0.0350319	0.0441477
0.0114774	0.0239587	0.0349206	0.0450142
0.0046085	0.0096360	0.0135114	0.0169678
0.0063409	0.0082378	0.0117064	0.0128445
0.0149233	0.0224756	0.0295924	0.0341674
0.0104283	0.0159673	0.0202754	0.0233526
0.0122170	0.0178045	0.0218769	0.0243866
0.0154138	0.0208278	0.0271885	0.0319517
0.0146209	0.0246489	0.0333755	0.0399587
0.0052467	0.0097809	0.0134730	0.0172299
0.0041327	0.0117092	0.0185281	0.0243139
0.0098973	0.0167804	0.0225389	0.0270828
0.0068379	0.0113965	0.0145677	0.0165497
0.0182886	0.0258261	0.0320199	0.0365189
0.0108641	0.0144436	0.0174579	0.0190906
0.0040481	0.0077442	0.0098562	0.0116162
0.0054779	0.0111645	0.0162251	0.0205551
0.0052247	0.0091827	0.0120325	0.0147240
0.0134063	0.0183898	0.0255492	0.0291992
0.0056513	0.0101129	0.0137566	0.0168797
0.0042903	0.0078911	0.0107258	0.0132540
0.0135731	0.0218898	0.0297024	0.0358589
0.0105028	0.0204409	0.0294379	0.0371926
0.0066222	0.0103697	0.0129877	0.0145278
0.0034841	0.0071342	0.0099547	0.0124434
0.0059477	0.0104472	0.0143261	0.0173259
0.0095231	0.0160511	0.0208127	0.0251135
0.0045449	0.0089005	0.0111730	0.0128773
0.0087651	0.0197033	0.0281787	0.0348429
0.0070162	0.0150718	0.0214383	0.0274150
0.0086734	0.0132912	0.0171060	0.0194349
0.0090635	0.0166315	0.0235651	0.0297284
0.0076456	0.0109062	0.0132674	0.0151788
0.0136709	0.0165343	0.0216147	0.0245244
0.0039595	0.0054679	0.0069762	0.0079190
0.0085358	0.0141235	0.0189914	0.0229337
0.0209190	0.0290058	0.0355913	0.0402400
0.0077775	0.0204648	0.0315879	0.0409731
0.0121675	0.0274321	0.0405674	0.0525690
0.0118978	0.0209877	0.0280312	0.0336470
0.0103554	0.0162871	0.0203087	0.0228220
0.0080900	0.0213200	0.0331197	0.0433104
0.0065568	0.0093563	0.0116401	0.0134819
0.0078482	0.0141743	0.0180270	0.0204528
0.0124409	0.0165294	0.0199755	0.0220781
0.0075187	0.0125803	0.0163151	0.0186247
0.0119570	0.0203448	0.0276171	0.0333280
0.0100125	0.0228933	0.0346376	0.0455702
0.0130072	0.0183011	0.0234199	0.0270310
0.0073142	0.0209955	0.0329403	0.0424120
0.0091571	0.0195943	0.0295392	0.0390245
0.0076705	0.0189155	0.0271073	0.0326552
0.0128772	0.0193442	0.0262366	0.0311153
0.0089222	0.0168711	0.0240088	0.0305383
0.0168711	0.0310412	0.0432582	0.0537714
0.0145938	0.0242713	0.0335617	0.0402586
0.0072423	0.0105714	0.0146599	0.0167625
0.0127640	0.0206874	0.0282652	0.0344599
0.0057221	0.0091406	0.0121874	0.0144911
0.0087749	0.0137285	0.0194463	0.0231545
0.0108398	0.0171121	0.0210364	0.0232558
0.0053561	0.0121660	0.0174456	0.0220365
0.0108587	0.0214406	0.0310545	0.0399766
0.0063212	0.0099237	0.0133902	0.0160410
0.0073316	0.0145082	0.0206523	0.0256605
0.0058324	0.0080487	0.0099151	0.0113148
0.0088816	0.0132541	0.0166701	0.0192662
0.0084959	0.0111161	0.0140540	0.0157214
0.0078188	0.0192310	0.0274448	0.0335260
0.0128108	0.0248977	0.0353413	0.0432227
0.0075763	0.0173672	0.0252931	0.0317039
0.0110603	0.0243702	0.0352432	0.0453662
0.0195713	0.0242894	0.0303704	0.0340400
0.0194932	0.0270612	0.0335741	0.0384359
0.0042960	0.0077328	0.0101385	0.0127161
0.0105451	0.0193328	0.0263628	0.0310241
0.0034814	0.0076259	0.0106099	0.0135939
0.0078225	0.0119877	0.0145274	0.0157465
0.0099775	0.0088585	0.0146865	0.0170644
0.0048811	0.0111712	0.0163541	0.0204301
0.0046984	0.0090159	0.0121905	0.0148571
0.0087004	0.0126699	0.0150625	0.0162588
0.0061507	0.0089625	0.0111591	0.0129165
0.0093992	0.0095526	0.0157676	0.0174940
0.0141755	0.0212633	0.0296167	0.0368942
0.0066242	0.0109999	0.0147678	0.0183535
0.0114878	0.0154219	0.0213074	0.0252101
0.0115350	0.0130576	0.0179485	0.0203016
0.0117707	0.0271605	0.0410959	0.0537798
0.0043719	0.0083173	0.0100234	0.0108765
0.0043242	0.0078247	0.0098839	0.0111193
0.0086433	0.0141921	0.0184960	0.0218395
0.0156118	0.0258269	0.0343075	0.0416700
0.0070025	0.0132600	0.0171337	0.0208585
0.0065647	0.0106476	0.0135296	0.0160915
0.0069282	0.0131733	0.0180523	0.0225410
0.0098040	0.0151227	0.0204991	0.0249554
0.0153867	0.0208245	0.0264637	0.0310958
0.0110694	0.0124978	0.0190145	0.0203535
0.0092272	0.0257943	0.0399759	0.0510905
0.0066744	0.0177716	0.0288688	0.0382773
0.0129011	0.0175142	0.0208763	0.0235347
0.0085189	0.0159457	0.0225423	0.0283964
0.0088125	0.0147762	0.0194483	0.0237786
0.0136122	0.0159580	0.0263653	0.0303301
0.0062764	0.0093341	0.0108630	0.0115872
0.0121500	0.0212400	0.0281699	0.0350101
0.0040312	0.0068027	0.0090703	0.0110859
0.0090614	0.0136502	0.0176581	0.0211433
0.0099387	0.0127783	0.0166591	0.0187415
0.0127953	0.0205184	0.0270633	0.0329210
0.0087834	0.0155425	0.0191451	0.0205518
0.0059180	0.0074754	0.0100295	0.0114622
0.0125758	0.0172041	0.0210713	0.0227155
0.0083299	0.0187876	0.0277513	0.0353117
0.0073004	0.0152356	0.0208695	0.0266622
0.0162035	0.0171664	0.0253013	0.0291862
0.0135483	0.0235373	0.0322632	0.0396115
0.0049721	0.0075938	0.0102155	0.0114812
0.0077825	0.0126003	0.0161210	0.0190857
0.0153989	0.0217363	0.0264617	0.0312982
0.0087212	0.0206249	0.0314881	0.0410968
0.0050918	0.0073291	0.0098750	0.0114951
0.0093056	0.0207627	0.0304718	0.0391857
0.0060364	0.0073934	0.0110901	0.0127746
0.0061846	0.0101604	0.0125164	0.0148724
0.0109539	0.0151268	0.0180329	0.0201194
0.0099530	0.0121648	0.0187331	0.0205764
0.0069341	0.0105746	0.0142584	0.0172053
0.0105877	0.0157440	0.0196628	0.0224130
0.0089134	0.0222701	0.0346424	0.0456311
0.0122291	0.0183206	0.0230738	0.0268579
0.0161352	0.0130336	0.0205843	0.0231533
0.0070931	0.0128301	0.0167939	0.0207577
0.0107030	0.0144806	0.0179720	0.0196317
0.0119462	0.0187157	0.0235827	0.0272107
0.0073088	0.0101298	0.0119249	0.0137201
0.0070317	0.0121343	0.0166147	0.0203483
0.0087258	0.0114229	0.0171343	0.0200693
0.0074843	0.0130976	0.0157705	0.0173743
0.0061966	0.0106921	0.0142157	0.0174962
0.0172544	0.0303030	0.0404939	0.0501456
0.0098726	0.0158368	0.0212172	0.0249480
0.0049303	0.0111172	0.0157575	0.0202044
0.0100252	0.0137572	0.0174892	0.0205626
0.0103883	0.0147708	0.0178548	0.0203707
0.0127144	0.0216658	0.0289067	0.0356915
0.0155963	0.0264345	0.0351049	0.0428767
0.0048011	0.0077920	0.0103894	0.0124358
0.0104167	0.0196411	0.0278928	0.0332267
0.0183923	0.0294046	0.0381684	0.0454331
0.0084953	0.0127430	0.0157853	0.0185406
0.0153702	0.0196768	0.0241319	0.0266566
0.0069651	0.0143399	0.0203217	0.0254842
0.0095246	0.0176885	0.0237434	0.0287779
0.0118363	0.0114108	0.0182466	0.0214385
0.0090551	0.0148294	0.0196850	0.0236876
0.0100305	0.0128331	0.0173321	0.0205035
0.0099674	0.0185948	0.0262419	0.0327777
0.0048192	0.0083701	0.0097651	0.0109065
0.0080859	0.0100407	0.0133284	0.0144835
0.0158295	0.0199093	0.0210517	0.0210517
0.0118825	0.0240926	0.0336361	0.0411211
0.0139811	0.0237255	0.0318694	0.0389305
0.0060824	0.0094105	0.0117058	0.0134272
0.0055750	0.0146286	0.0228796	0.0304616
0.0076910	0.0188614	0.0285667	0.0371124
0.0162590	0.0228424	0.0276303	0.0312212
0.0130059	0.0169373	0.0226190	0.0261465
0.0075228	0.0128331	0.0158423	0.0184089
0.0143218	0.0184448	0.0245641	0.0276889
0.0079607	0.0142648	0.0188204	0.0225017
0.0077442	0.0181101	0.0280323	0.0369864
0.0089151	0.0192759	0.0270465	0.0348772
0.0097090	0.0169907	0.0230407	0.0284387
0.0085173	0.0161578	0.0232660	0.0292783
0.0071826	0.0202247	0.0295336	0.0387955
0.0078949	0.0141729	0.0192618	0.0238750
0.0107278	0.0173108	0.0225285	0.0266245
0.0128213	0.0221460	0.0300991	0.0377783
0.0113501	0.0162777	0.0228386	0.0277109
0.0058260	0.0134375	0.0189816	0.0229282
0.0125713	0.0196628	0.0248203	0.0299778
0.0125128	0.0290251	0.0418152	0.0544072
0.0061603	0.0098565	0.0125259	0.0149900
0.0078858	0.0143057	0.0192091	0.0238092
0.0116717	0.0194805	0.0252541	0.0305292
0.0112390	0.0183153	0.0253918	0.0312788
0.0111924	0.0184818	0.0234753	0.0268618
0.0133447	0.0244223	0.0326146	0.0410645
0.0045674	0.0098114	0.0143787	0.0179311
0.0060244	0.0091622	0.0119234	0.0138688
0.0139606	0.0200496	0.0262729	0.0308480
0.0163253	0.0185942	0.0253018	0.0287050
0.0102656	0.0187612	0.0260534	0.0331330
0.0092584	0.0218165	0.0302869	0.0363935
0.0096166	0.0193877	0.0278456	0.0347202
0.0093799	0.0141068	0.0180212	0.0213448
0.0130235	0.0175437	0.0204079	0.0213030
0.0090865	0.0224175	0.0347322	0.0458812
0.0119719	0.0179847	0.0226015	0.0258765
0.0065079	0.0093078	0.0115780	0.0132428
0.0111889	0.0236872	0.0322574	0.0387445
0.0114334	0.0213959	0.0292187	0.0355037
0.0071113	0.0156448	0.0221526	0.0271521
0.0098688	0.0185765	0.0255956	0.0325618
0.0067798	0.0157169	0.0225583	0.0291533
0.0050585	0.0146359	0.0226620	0.0283948
0.0092777	0.0167958	0.0224744	0.0267133
0.0137272	0.0199601	0.0241896	0.0267865
0.0068255	0.0126009	0.0160137	0.0198202
0.0151266	0.0228287	0.0288655	0.0345553
0.0048776	0.0153644	0.0170715	0.0185348
0.0116561	0.0174322	0.0216471	0.0244049
0.0082440	0.0235835	0.0358346	0.0453803
0.0135809	0.0237365	0.0325701	0.0401719
0.0133126	0.0213742	0.0289180	0.0351552
0.0080712	0.0121670	0.0166844	0.0178891
0.0056891	0.0107009	0.0146291	0.0170673
0.0067761	0.0112936	0.0142472	0.0166797
0.0139894	0.0211563	0.0259804	0.0301152
0.0092934	0.0174704	0.0240846	0.0288290
0.0114712	0.0189638	0.0268630	0.0327293
0.0092769	0.0129877	0.0172757	0.0205741
0.0090140	0.0117961	0.0139662	0.0154129
0.0088398	0.0116361	0.0146128	0.0163266
0.0031870	0.0052586	0.0065335	0.0071709
0.0102230	0.0153702	0.0193021	0.0231625
0.0083237	0.0128916	0.0161905	0.0180177
0.0108873	0.0094075	0.0150891	0.0174938
0.0111210	0.0163353	0.0219976	0.0263972
0.0111284	0.0181745	0.0242141	0.0294148
0.0174044	0.0141543	0.0234766	0.0269831
0.0071594	0.0089041	0.0122131	0.0138375
0.0171657	0.0253114	0.0326287	0.0381052
0.0121333	0.0107058	0.0167214	0.0190666
0.0149551	0.0224841	0.0282600	0.0331075
0.0107179	0.0206703	0.0290326	0.0355693
0.0154316	0.0234045	0.0304590	0.0360071
0.0044957	0.0077426	0.0097407	0.0112393
0.0049622	0.0090580	0.0126024	0.0159105
0.0132146	0.0177075	0.0224648	0.0252839
0.0065129	0.0105877	0.0135601	0.0154974
0.0094439	0.0178440	0.0248025	0.0303695
0.0058085	0.0102858	0.0140371	0.0169414
0.0124865	0.0190969	0.0244832	0.0293188
0.0089826	0.0132742	0.0162684	0.0178654
0.0040136	0.0061877	0.0078601	0.0090307
0.0050180	0.0112684	0.0167265	0.0214804
0.0116121	0.0134930	0.0170093	0.0186448
0.0071234	0.0109279	0.0141658	0.0165942
0.0077077	0.0148171	0.0205187	0.0244607
0.0073836	0.0099835	0.0125833	0.0143512
0.0101216	0.0166558	0.0211400	0.0248556
0.0107443	0.0162424	0.0211109	0.0248882
0.0117551	0.0177268	0.0224758	0.0265196
0.0068787	0.0129280	0.0180504	0.0224411
0.0132585	0.0218268	0.0270581	0.0319286
0.0095263	0.0149952	0.0184352	0.0217871
0.0041298	0.0078626	0.0104834	0.0129454
0.0094689	0.0151317	0.0189378	0.0225583
0.0078463	0.0164374	0.0235885	0.0300444
0.0073837	0.0131266	0.0160801	0.0193617
0.0092685	0.0104847	0.0143431	0.0157689
0.0180727	0.0254752	0.0349201	0.0434969
0.0095815	0.0135149	0.0164397	0.0188603
0.0143138	0.0203125	0.0243513	0.0283900
0.0101072	0.0138974	0.0182078	0.0213664
0.0122333	0.0185852	0.0224669	0.0257605
0.0098832	0.0195365	0.0273512	0.0347060
0.0152424	0.0299631	0.0411487	0.0513489
0.0110852	0.0212333	0.0300158	0.0371650
0.0145166	0.0233069	0.0300880	0.0363667
0.0063879	0.0143920	0.0199333	0.0251668
0.0041471	0.0082942	0.0117502	0.0142557
0.0096578	0.0140348	0.0178408	0.0206478
0.0116587	0.0170582	0.0241085	0.0293704
0.0114593	0.0240317	0.0340831	0.0425957
0.0031066	0.0048010	0.0059307	0.0067779
0.0100347	0.0154238	0.0192022	0.0216180
0.0113899	0.0146401	0.0200573	0.0233630
0.0093083	0.0286946	0.0440217	0.0559195
0.0073901	0.0115601	0.0157302	0.0175250
0.0136140	0.0156827	0.0210221	0.0234821
0.0123381	0.0206614	0.0275648	0.0339297
0.0055155	0.0085239	0.0110309	0.0130365
0.0155620	0.0233934	0.0299112	0.0358227
0.0099490	0.0285205	0.0447291	0.0585748
0.0059233	0.0115504	0.0136235	0.0145120
0.0063892	0.0126643	0.0179125	0.0223622
0.0100091	0.0206831	0.0304706	0.0383744
0.0128840	0.0192976	0.0238950	0.0270168
0.0128824	0.0182671	0.0224930	0.0258329
0.0091886	0.0148919	0.0199615	0.0236845
0.0083364	0.0134416	0.0179653	0.0213257
0.0107336	0.0202989	0.0267974	0.0313246
0.0079279	0.0207740	0.0313444	0.0392723
0.0115905	0.0242153	0.0346290	0.0436161
0.0047295	0.0067264	0.0084080	0.0096692
0.0048696	0.0092099	0.0125974	0.0157732
0.0076503	0.0133656	0.0185407	0.0228159
0.0058336	0.0085560	0.0102412	0.0112783
0.0095690	0.0150369	0.0191379	0.0216583
0.0081809	0.0145526	0.0192724	0.0232842
0.0117331	0.0146752	0.0205950	0.0249550
0.0106053	0.0160056	0.0243338	0.0260905
0.0074906	0.0131502	0.0163130	0.0183105
0.0108333	0.0223725	0.0346176	0.0445820
0.0075308	0.0108594	0.0146040	0.0168923
0.0082628	0.0176137	0.0248564	0.0325071
0.0070106	0.0169872	0.0244023	0.0313454
0.0045840	0.0088482	0.0120464	0.0143917
0.0056470	0.0072604	0.0093348	0.0104872
0.0129343	0.0175948	0.0236693	0.0268112
0.0098679	0.0137147	0.0170597	0.0183977
0.0075454	0.0209028	0.0327987	0.0425533
0.0101909	0.0149866	0.0217570	0.0268348
0.0085618	0.0201362	0.0288565	0.0367843
0.0061088	0.0129293	0.0188010	0.0239014
0.0095930	0.0189463	0.0262369	0.0326642
0.0100889	0.0162880	0.0218794	0.0267415
0.0065225	0.0109745	0.0142357	0.0166687
0.0091510	0.0143562	0.0193935	0.0223319
0.0066247	0.0097793	0.0119876	0.0138803
0.0082346	0.0151826	0.0211527	0.0251671
0.0079575	0.0109958	0.0125874	0.0137448
0.0103542	0.0185696	0.0258346	0.0325223
0.0077635	0.0115733	0.0145925	0.0171803
0.0097900	0.0148166	0.0200800	0.0238434
0.0047791	0.0108050	0.0153070	0.0183546
0.0054545	0.0084457	0.0109091	0.0131964
0.0104901	0.0183147	0.0254514	0.0321296
0.0091098	0.0174967	0.0242207	0.0298601
0.0143683	0.0221137	0.0281192	0.0327216
0.0054032	0.0077806	0.0097257	0.0112386
0.0093152	0.0204383	0.0281420	0.0361208
0.0152603	0.0243537	0.0310432	0.0372624
0.0071369	0.0170761	0.0257454	0.0336704
0.0066475	0.0083569	0.0111426	0.0125354
0.0092976	0.0245497	0.0383742	0.0494129
0.0144005	0.0113535	0.0205307	0.0234689
0.0108324	0.0164406	0.0212806	0.0255828
0.0087256	0.0216869	0.0311748	0.0379520
0.0046845	0.0095154	0.0138340	0.0172742
0.0075348	0.0114816	0.0143520	0.0170072
0.0166235	0.0295227	0.0391970	0.0474633
0.0041476	0.0068484	0.0090669	0.0111889
0.0139147	0.0227320	0.0281050	0.0325136
0.0075749	0.0131737	0.0176747	0.0215171
0.0102816	0.0235427	0.0346217	0.0441479
0.0087420	0.0161345	0.0224710	0.0266954
0.0077886	0.0244733	0.0389787	0.0507329
0.0047772	0.0109951	0.0157723	0.0203978
0.0107791	0.0160239	0.0217028	0.0261519
0.0121899	0.0195141	0.0246872	0.0303725
0.0038067	0.0087011	0.0126438	0.0156348
0.0079346	0.0134889	0.0170028	0.0189297
0.0177374	0.0213124	0.0271562	0.0299062
0.0158638	0.0331772	0.0461415	0.0573663
0.0129789	0.0227951	0.0314178	0.0393544
0.0067298	0.0106453	0.0145609	0.0166410
0.0079118	0.0133344	0.0167125	0.0198238
0.0116419	0.0165011	0.0199431	0.0220690
0.0065956	0.0132396	0.0193018	0.0246363
0.0088771	0.0226505	0.0359309	0.0469921
0.0091772	0.0171947	0.0239010	0.0300023
0.0117035	0.0143691	0.0190338	0.0218660
0.0097163	0.0288342	0.0484917	0.0659001
0.0071609	0.0117730	0.0151714	0.0175988
0.0142846	0.0209820	0.0264923	0.0316213
0.0051617	0.0099493	0.0133157	0.0169064
0.0090802	0.0095645	0.0139835	0.0161627
0.0061405	0.0113282	0.0139749	0.0154571
0.0082430	0.0198441	0.0296747	0.0378566
0.0122765	0.0180492	0.0242068	0.0293252
0.0064894	0.0105621	0.0127999	0.0139188
0.0139971	0.0220445	0.0302444	0.0374909
0.0060894	0.0090471	0.0107869	0.0127007
0.0062729	0.0182363	0.0277801	0.0362932
0.0048273	0.0114280	0.0155657	0.0200975
0.0089805	0.0137070	0.0167005	0.0192214
0.0129967	0.0205673	0.0256685	0.0289826
0.0153224	0.0213801	0.0269033	0.0301103
0.0114688	0.0202269	0.0279423	0.0293325
0.0103949	0.0186563	0.0252215	0.0317319
0.0125758	0.0161689	0.0194450	0.0212415
0.0131314	0.0188861	0.0257396	0.0300819
0.0076371	0.0148792	0.0206729	0.0254132
0.0148531	0.0313638	0.0428692	0.0518070
0.0097087	0.0149633	0.0185476	0.0207398
0.0102582	0.0178504	0.0261381	0.0320786
0.0114693	0.0197458	0.0256695	0.0297446
0.0078299	0.0159843	0.0230028	0.0295750
0.0085709	0.0125298	0.0166927	0.0197130
0.0101770	0.0189002	0.0257387	0.0319312
0.0059465	0.0086122	0.0098425	0.0104577
0.0088217	0.0109771	0.0144356	0.0163904
0.0130456	0.0211866	0.0266886	0.0302736
0.0094208	0.0183866	0.0256683	0.0322219
0.0093612	0.0154489	0.0198136	0.0240060
0.0091668	0.0146096	0.0200524	0.0242347
0.0104147	0.0172304	0.0223581	0.0263074
0.0095155	0.0208865	0.0306875	0.0393942
0.0140437	0.0203217	0.0275431	0.0325509
0.0101713	0.0155009	0.0202675	0.0234578
0.0086412	0.0121444	0.0154919	0.0180609
0.0093142	0.0148660	0.0194084	0.0229414
0.0092177	0.0129886	0.0163405	0.0190937
0.0071182	0.0120663	0.0168407	0.0209207
0.0102275	0.0264372	0.0392892	0.0516781
0.0109121	0.0162478	0.0231481	0.0267989
0.0082787	0.0181514	0.0275871	0.0350430
0.0086728	0.0150983	0.0168391	0.0169658
0.0129628	0.0273721	0.0384990	0.0478734
0.0076296	0.0135956	0.0183570	0.0222577
0.0076375	0.0188636	0.0271451	0.0351506
0.0120557	0.0185577	0.0243485	0.0294620
0.0118576	0.0218180	0.0309089	0.0391696
0.0109350	0.0229531	0.0318967	0.0383251
0.0032806	0.0052774	0.0064185	0.0077022
0.0073791	0.0139027	0.0179666	0.0212818
0.0149683	0.0211572	0.0264825	0.0300086
0.0103321	0.0185643	0.0236043	0.0271325
0.0042608	0.0091063	0.0132835	0.0167089
0.0077951	0.0091871	0.0140591	0.0155207
0.0155584	0.0211644	0.0252588	0.0275893
0.0080810	0.0130874	0.0178965	0.0221145
0.0106110	0.0152996	0.0171915	0.0185898
0.0064011	0.0102417	0.0137979	0.0168562
0.0101429	0.0161325	0.0198043	0.0222724
0.0111449	0.0137575	0.0176766	0.0199628
0.0106772	0.0196360	0.0279186	0.0354970
0.0068671	0.0145603	0.0214791	0.0277266
0.0101350	0.0235182	0.0352407	0.0457176
0.0035737	0.0061944	0.0078622	0.0088152
0.0044072	0.0067577	0.0086676	0.0102835
0.0056621	0.0129599	0.0186849	0.0233404
0.0120521	0.0168122	0.0213360	0.0249144
0.0085544	0.0244865	0.0385740	0.0503721
0.0082232	0.0132546	0.0176908	0.0211531
0.0098373	0.0138919	0.0170824	0.0192759
0.0051139	0.0083682	0.0109251	0.0131334
0.0170242	0.0277816	0.0344660	0.0395837
0.0080640	0.0202146	0.0302946	0.0389035
0.0042669	0.0081660	0.0109615	0.0127271
0.0049661	0.0085998	0.0112645	0.0138081
0.0182710	0.0172340	0.0261721	0.0298262
0.0039957	0.0090226	0.0128894	0.0164985
0.0107091	0.0155981	0.0191678	0.0227375
0.0058661	0.0152622	0.0232047	0.0291746
0.0084578	0.0176737	0.0265304	0.0335519
0.0096131	0.0240632	0.0340742	0.0402890
0.0113425	0.0189322	0.0254678	0.0310758
0.0089616	0.0120732	0.0136913	0.0154338
0.0094862	0.0135733	0.0167522	0.0186192
0.0085618	0.0138211	0.0174293	0.0201813
0.0126144	0.0141452	0.0199280	0.0229044
0.0085249	0.0122388	0.0159948	0.0186958
0.0097461	0.0092949	0.0166946	0.0183642
0.0059352	0.0114994	0.0166926	0.0207731
0.0093813	0.0230971	0.0330126	0.0410878
0.0117323	0.0180087	0.0236287	0.0280591
0.0073319	0.0186745	0.0281371	0.0365343
0.0089866	0.0125064	0.0168125	0.0191715
0.0086606	0.0142480	0.0156448	0.0159242
0.0054499	0.0116264	0.0170158	0.0221024
0.0086466	0.0195871	0.0296747	0.0373507
0.0093563	0.0128813	0.0162747	0.0186137
0.0121440	0.0183015	0.0217794	0.0241740
0.0092900	0.0147710	0.0188586	0.0226675
0.0052822	0.0092438	0.0118848	0.0137923
0.0081324	0.0132687	0.0186190	0.0205985
0.0060466	0.0115798	0.0164285	0.0211060
0.0038095	0.0089905	0.0136381	0.0177524
0.0133515	0.0215108	0.0279083	0.0330080
0.0048511	0.0113192	0.0135830	0.0155234
0.0099333	0.0175107	0.0232415	0.0277623
0.0118626	0.0281947	0.0415753	0.0525103
0.0075210	0.0153634	0.0219202	0.0275127
0.0132001	0.0233647	0.0327934	0.0402444
0.0135646	0.0189258	0.0238349	0.0274198
0.0109058	0.0231677	0.0338193	0.0435385
0.0068792	0.0135235	0.0186914	0.0219799
0.0048968	0.0080357	0.0107981	0.0128070
0.0121641	0.0209043	0.0281127	0.0343299
0.0102757	0.0164996	0.0214703	0.0251044
0.0083696	0.0150475	0.0201227	0.0246636
0.0166799	0.0268733	0.0336069	0.0380549
0.0110036	0.0194447	0.0257454	0.0318954
0.0112783	0.0157896	0.0200609	0.0233245
0.0065308	0.0154843	0.0214884	0.0271765
0.0084187	0.0120267	0.0147326	0.0169876
0.0087433	0.0222663	0.0337297	0.0432890
0.0095675	0.0150529	0.0186248	0.0220692
0.0126597	0.0201672	0.0252606	0.0281752
0.0100379	0.0158493	0.0205601	0.0246104
0.0054463	0.0087978	0.0108925	0.0127778
0.0105704	0.0132496	0.0182182	0.0199230
0.0098793	0.0158184	0.0209008	0.0244985
0.0079054	0.0117000	0.0150730	0.0177081
0.0193819	0.0254902	0.0297776	0.0325381
0.0083110	0.0135997	0.0168544	0.0191211
0.0045431	0.0083291	0.0106007	0.0121150
0.0128600	0.0179591	0.0231331	0.0262449
0.0070658	0.0100334	0.0124357	0.0139902
0.0098546	0.0146263	0.0181531	0.0207465
0.0108540	0.0116859	0.0194501	0.0210346
0.0094330	0.0160634	0.0213951	0.0257014
0.0101010	0.0194081	0.0282741	0.0355961
0.0151554	0.0194521	0.0235925	0.0257018
0.0088014	0.0120056	0.0165077	0.0195497
0.0058293	0.0165285	0.0253462	0.0333891
0.0131178	0.0198174	0.0255600	0.0302329
0.0079701	0.0118543	0.0150323	0.0173528
0.0108245	0.0194095	0.0265013	0.0309804
0.0106943	0.0219273	0.0315854	0.0404143
0.0093816	0.0158348	0.0207153	0.0247283
0.0110118	0.0210160	0.0298685	0.0362741
0.0069542	0.0132646	0.0160334	0.0172568
0.0114053	0.0187597	0.0246983	0.0301651
0.0067299	0.0116783	0.0151092	0.0182102
0.0136163	0.0261826	0.0362862	0.0458828
0.0120504	0.0224598	0.0337153	0.0426121
0.0100298	0.0152572	0.0189546	0.0209946
0.0167261	0.0265469	0.0327617	0.0380557
0.0110399	0.0248944	0.0364095	0.0467914
0.0135110	0.0222511	0.0295879	0.0355617
0.0078191	0.0127226	0.0149756	0.0165660
0.0052201	0.0076480	0.0093476	0.0106830
0.0057191	0.0104396	0.0135262	0.0158864
0.0053032	0.0122573	0.0187112	0.0238142
0.0049399	0.0087076	0.0119729	0.0147359
0.0090378	0.0225215	0.0338916	0.0444599
0.0073805	0.0121040	0.0159419	0.0191893
0.0092518	0.0207491	0.0315578	0.0414383
0.0161657	0.0135602	0.0233900	0.0259953
0.0110721	0.0155430	0.0202838	0.0237345
0.0147490	0.0218582	0.0270576	0.0306653
0.0101273	0.0108145	0.0164931	0.0183377
0.0094356	0.0104545	0.0155488	0.0174536
0.0119990	0.0177993	0.0232011	0.0274959
0.0075848	0.0120758	0.0144710	0.0160679
0.0097369	0.0184154	0.0262473	0.0336558
0.0053708	0.0100485	0.0141199	0.0178448
0.0087210	0.0136069	0.0172845	0.0201740
0.0082299	0.0172411	0.0250023	0.0320343
0.0147424	0.0170343	0.0222994	0.0244675
0.0081106	0.0132826	0.0169264	0.0201001
0.0060857	0.0118425	0.0154610	0.0189151
0.0073846	0.0101907	0.0128492	0.0149169
0.0071165	0.0143822	0.0201550	0.0247831
0.0062194	0.0120501	0.0136049	0.0146415
0.0141983	0.0190921	0.0242881	0.0274298
0.0130886	0.0186461	0.0222299	0.0257616
0.0067959	0.0140166	0.0202462	0.0256264
0.0069963	0.0147866	0.0204929	0.0243632
0.0070892	0.0161476	0.0239121	0.0306637
0.0120515	0.0252377	0.0370874	0.0483322
0.0137664	0.0210030	0.0276459	0.0331298
0.0089583	0.0131285	0.0162176	0.0184572
0.0151935	0.0229489	0.0296115	0.0337359
0.0059933	0.0117800	0.0163267	0.0192200
0.0158160	0.0265844	0.0343242	0.0414283
0.0153915	0.0256209	0.0333878	0.0409651
0.0079942	0.0117081	0.0149183	0.0176250
0.0073617	0.0119628	0.0158737	0.0185577
0.0083439	0.0167357	0.0232574	0.0290118
0.0181431	0.0252743	0.0316777	0.0364317
0.0108606	0.0164544	0.0214669	0.0250629
0.0159076	0.0213201	0.0283498	0.0327393
0.0046252	0.0090691	0.0127874	0.0159616
0.0123462	0.0185894	0.0234296	0.0265863
0.0135755	0.0218514	0.0264250	0.0294740
0.0098726	0.0090164	0.0143940	0.0167217
0.0067587	0.0120581	0.0159750	0.0192008
0.0095830	0.0193178	0.0274849	0.0345647
0.0072242	0.0101862	0.0122089	0.0136538
0.0135477	0.0164863	0.0213178	0.0238580
0.0035606	0.0062310	0.0085199	0.0104274
0.0091420	0.0132208	0.0184247	0.0213502
0.0178876	0.0276301	0.0385703	0.0459169
0.0143070	0.0238317	0.0317225	0.0379794
0.0076527	0.0177025	0.0267382	0.0355894
0.0112455	0.0157327	0.0196658	0.0226019
0.0108162	0.0133590	0.0178752	0.0200385
0.0056599	0.0079904	0.0089892	0.0103209
0.0098054	0.0184399	0.0258061	0.0324894
0.0074745	0.0106636	0.0129558	0.0149490
0.0093562	0.0191441	0.0262452	0.0308033
0.0148394	0.0242826	0.0319914	0.0386724
0.0152873	0.0202390	0.0273520	0.0317535
0.0092181	0.0142652	0.0190619	0.0228159
0.0202145	0.0286063	0.0353032	0.0395197
0.0066731	0.0165260	0.0252146	0.0330968
0.0068424	0.0114813	0.0144965	0.0164101
0.0112949	0.0150210	0.0174663	0.0199116
0.0067064	0.0123941	0.0165538	0.0205437
0.0111113	0.0176440	0.0227810	0.0271919
0.0109157	0.0209151	0.0304435	0.0384797
0.0118908	0.0156484	0.0187885	0.0204872
0.0083731	0.0120573	0.0144018	0.0167462
0.0037883	0.0083604	0.0120181	0.0152839
0.0066902	0.0098459	0.0126229	0.0143901
0.0158259	0.0217606	0.0263311	0.0293324
0.0060516	0.0088756	0.0110273	0.0127755
0.0067958	0.0100521	0.0120342	0.0137331
0.0109802	0.0165098	0.0218815	0.0260682
0.0094038	0.0145492	0.0187632	0.0217796
0.0160188	0.0245530	0.0310793	0.0360082
0.0090378	0.0180388	0.0245681	0.0312820
0.0120457	0.0128467	0.0192553	0.0228156
0.0078291	0.0119427	0.0149947	0.0169852
0.0111528	0.0157050	0.0190433	0.0215470
0.0132752	0.0185269	0.0230492	0.0265018
0.0101544	0.0165994	0.0221634	0.0267075
0.0075390	0.0109768	0.0135702	0.0155605
0.0079177	0.0113846	0.0155073	0.0182247
0.0079091	0.0123338	0.0159289	0.0189708
0.0121403	0.0225001	0.0313625	0.0390515
0.0139908	0.0232385	0.0313525	0.0391683
0.0099511	0.0194255	0.0275593	0.0337564
0.0086126	0.0134658	0.0186266	0.0217025
0.0138148	0.0238118	0.0311718	0.0386498
0.0129902	0.0193950	0.0251685	0.0294535
0.0034018	0.0070994	0.0100575	0.0125719
0.0098958	0.0205956	0.0289452	0.0376040
0.0067166	0.0098774	0.0130381	0.0143024
0.0130362	0.0259869	0.0352090	0.0424672
0.0091020	0.0193599	0.0287870	0.0375640
0.0099508	0.0165133	0.0222555	0.0268208
0.0096759	0.0208911	0.0310617	0.0403528
0.0063214	0.0136623	0.0195079	0.0252176
0.0090422	0.0125930	0.0172999	0.0202726
0.0148114	0.0159157	0.0217624	0.0243608
0.0101229	0.0166624	0.0223061	0.0269196
0.0131988	0.0213710	0.0286885	0.0355272
0.0094342	0.0173967	0.0246799	0.0313970
0.0114134	0.0283465	0.0424262	0.0538864
0.0114378	0.0153134	0.0193780	0.0221193
0.0105138	0.0154812	0.0193210	0.0219723
0.0076531	0.0152623	0.0221677	0.0281055
0.0137235	0.0222636	0.0292736	0.0345062
0.0128729	0.0198768	0.0263943	0.0313230
0.0098996	0.0223232	0.0334006	0.0433844
0.0103993	0.0178903	0.0230019	0.0282456
0.0124369	0.0147076	0.0182167	0.0199713
0.0108095	0.0223153	0.0325386	0.0423221
0.0110159	0.0175540	0.0220317	0.0249162
0.0098592	0.0145916	0.0176151	0.0202442
0.0084377	0.0140472	0.0187611	0.0208351
0.0050043	0.0073501	0.0098522	0.0112597
0.0110933	0.0191263	0.0253104	0.0291357
0.0061370	0.0099136	0.0127461	0.0153425
0.0041044	0.0070766	0.0084918	0.0090580
0.0045655	0.0085938	0.0119956	0.0148602
0.0106234	0.0151262	0.0192358	0.0224708
0.0075526	0.0132926	0.0180507	0.0217514
0.0063327	0.0120971	0.0172527	0.0212309
0.0110438	0.0154296	0.0178604	0.0189701
0.0084620	0.0105775	0.0137508	0.0157076
0.0048553	0.0140422	0.0212775	0.0269896
0.0112450	0.0163564	0.0209566	0.0230012
0.0043967	0.0087073	0.0124143	0.0156903
0.0110940	0.0189535	0.0249993	0.0308032
0.0112123	0.0204416	0.0284959	0.0360115
0.0099360	0.0154269	0.0193116	0.0217023
0.0093515	0.0207000	0.0301489	0.0380881
0.0171406	0.0298456	0.0388265	0.0467672
0.0051825	0.0074859	0.0088295	0.0095973
0.0080874	0.0115879	0.0137606	0.0153298
0.0085173	0.0212371	0.0314354	0.0405690
0.0135828	0.0191702	0.0250046	0.0291721
0.0141558	0.0157058	0.0230678	0.0266067
0.0067870	0.0115379	0.0148183	0.0178725
0.0052341	0.0093819	0.0127396	0.0152085
0.0060282	0.0106304	0.0141954	0.0173068
0.0103671	0.0130107	0.0176240	0.0209416
0.0076697	0.0132720	0.0178738	0.0221423
0.0139699	0.0219526	0.0302148	0.0362419
0.0138707	0.0220114	0.0282305	0.0324231
0.0103256	0.0164386	0.0236286	0.0293298
0.0060274	0.0085890	0.0110502	0.0126575
0.0110672	0.0178011	0.0229542	0.0276386
0.0096669	0.0163459	0.0215309	0.0257492
0.0082204	0.0200675	0.0292066	0.0369436
0.0082906	0.0153731	0.0201641	0.0234554
0.0082510	0.0120146	0.0148373	0.0172258
0.0088343	0.0259656	0.0406446	0.0544840
0.0053932	0.0101392	0.0138067	0.0167190
0.0114132	0.0157983	0.0191622	0.0215049
0.0104269	0.0181680	0.0245400	0.0300694
0.0143136	0.0264251	0.0361215	0.0441840
0.0121295	0.0163015	0.0210914	0.0244907
0.0135004	0.0133334	0.0204871	0.0231872
0.0060697	0.0110448	0.0156716	0.0197015
0.0153812	0.0120451	0.0205785	0.0237039
0.0100744	0.0199566	0.0290977	0.0371957
0.0057531	0.0087118	0.0108487	0.0126568
0.0066744	0.0131335	0.0175472	0.0215304
0.0101172	0.0163607	0.0213736	0.0256575
0.0074052	0.0099520	0.0137917	0.0155549
0.0056581	0.0126910	0.0190893	0.0241656
0.0109234	0.0135619	0.0182057	0.0207387
0.0141092	0.0176695	0.0237680	0.0272294
0.0083241	0.0217079	0.0336771	0.0444495
0.0087428	0.0129173	0.0172100	0.0205181
0.0138670	0.0175085	0.0232097	0.0265937
0.0072281	0.0121688	0.0150966	0.0161946
0.0094871	0.0147450	0.0193171	0.0232605
0.0086564	0.0211864	0.0308196	0.0394761
0.0124750	0.0220804	0.0297726	0.0355916
0.0132337	0.0127415	0.0198651	0.0232821
0.0119909	0.0193944	0.0269721	0.0327498
0.0068998	0.0122917	0.0173638	0.0214762
0.0131689	0.0173556	0.0244095	0.0289259
0.0116284	0.0183763	0.0242755	0.0291984
0.0099520	0.0227259	0.0341344	0.0435402
0.0120851	0.0150964	0.0206773	0.0237688
0.0058754	0.0110224	0.0162180	0.0202967
0.0108916	0.0188880	0.0232997	0.0261491
0.0096440	0.0129425	0.0165237	0.0185343
0.0108699	0.0180247	0.0244227	0.0292386
0.0149246	0.0214097	0.0254073	0.0282501
0.0031107	0.0051845	0.0066658	0.0077027
0.0110054	0.0137227	0.0172553	0.0188857
0.0145275	0.0223620	0.0265126	0.0290031
0.0109716	0.0198966	0.0275801	0.0339215
0.0123292	0.0258913	0.0385288	0.0493168
0.0118125	0.0142734	0.0184570	0.0200156
0.0073070	0.0181750	0.0277943	0.0359338
0.0051226	0.0081717	0.0100012	0.0119527
0.0121651	0.0217485	0.0309817	0.0383770
0.0096965	0.0152851	0.0205871	0.0247427
0.0084980	0.0134551	0.0159337	0.0175271
0.0168358	0.0225927	0.0277519	0.0315537
0.0127383	0.0201180	0.0258525	0.0300829
0.0083304	0.0141411	0.0191804	0.0230886
0.0096719	0.0183766	0.0263463	0.0331554
0.0107412	0.0205948	0.0296049	0.0380382
0.0073241	0.0115463	0.0149929	0.0174917
0.0038109	0.0073977	0.0103119	0.0127778
0.0074493	0.0101097	0.0140472	0.0160692
0.0044209	0.0095116	0.0135305	0.0166117
0.0121316	0.0166906	0.0205542	0.0219451
0.0060002	0.0083574	0.0102861	0.0117861
0.0063441	0.0124062	0.0178104	0.0229328
0.0090468	0.0130289	0.0170498	0.0203360
0.0115152	0.0172728	0.0226191	0.0266289
0.0056207	0.0160905	0.0253481	0.0326771
0.0111487	0.0173675	0.0228774	0.0275495
0.0109766	0.0230509	0.0331933	0.0425015
0.0047152	0.0093208	0.0120622	0.0140360
0.0067894	0.0150102	0.0206953	0.0246627
0.0087328	0.0137729	0.0177651	0.0210586
0.0105920	0.0132400	0.0180317	0.0206166
0.0209485	0.0316599	0.0395274	0.0462101
0.0109616	0.0158781	0.0212515	0.0238575
0.0052034	0.0106806	0.0150624	0.0192798
0.0138757	0.0169387	0.0212545	0.0234821
0.0118979	0.0137799	0.0187560	0.0213716
0.0053523	0.0121812	0.0172874	0.0213479
0.0052500	0.0088594	0.0115938	0.0138907
0.0088442	0.0128017	0.0174819	0.0211641
0.0091289	0.0189541	0.0266519	0.0340788
0.0058745	0.0101204	0.0136102	0.0168673
0.0044795	0.0075807	0.0098779	0.0117157
0.0102649	0.0194596	0.0269516	0.0328381
0.0096899	0.0161499	0.0215139	0.0261282
0.0124812	0.0242536	0.0305533	0.0342936
0.0146072	0.0191872	0.0233161	0.0251550
0.0156193	0.0214562	0.0257799	0.0292929
0.0119807	0.0153312	0.0172603	0.0189863
0.0104156	0.0158650	0.0196885	0.0224132
0.0043907	0.0083729	0.0115383	0.0141931
0.0139988	0.0166697	0.0212745	0.0235309
0.0091778	0.0137667	0.0166812	0.0181695
0.0127267	0.0166570	0.0197138	0.0215231
0.0110903	0.0164948	0.0221806	0.0265542
0.0109157	0.0240550	0.0340273	0.0431237
0.0056957	0.0082018	0.0102522	0.0113914
0.0157790	0.0230616	0.0291709	0.0346328
0.0073386	0.0102278	0.0138104	0.0159484
0.0087029	0.0261766	0.0424265	0.0560247
0.0162379	0.0255589	0.0328133	0.0387601
0.0064142	0.0140501	0.0192426	0.0229514
0.0052524	0.0108050	0.0148568	0.0186085
0.0133926	0.0194639	0.0237496	0.0279458
0.0034233	0.0063744	0.0086172	0.0101518
0.0138243	0.0252748	0.0326059	0.0391689
0.0114845	0.0230321	0.0326866	0.0422149
0.0085172	0.0139333	0.0189125	0.0232367
0.0118910	0.0150797	0.0197298	0.0230513
0.0077223	0.0094900	0.0122812	0.0136768
0.0095678	0.0129937	0.0183771	0.0219742
0.0118666	0.0094393	0.0177099	0.0196877
0.0089970	0.0153895	0.0211112	0.0258465
0.0064111	0.0105126	0.0146141	0.0179590
0.0093972	0.0139056	0.0170562	0.0192832
0.0103063	0.0168433	0.0231166	0.0282830
0.0106327	0.0173204	0.0234821	0.0284791
0.0095490	0.0156256	0.0202332	0.0244401
0.0081829	0.0129145	0.0170894	0.0208191
0.0078847	0.0126334	0.0155901	0.0168445
0.0092763	0.0152048	0.0193198	0.0237837
0.0111597	0.0179004	0.0250905	0.0305954
0.0103730	0.0187609	0.0256668	0.0324889
0.0070939	0.0128576	0.0163491	0.0183997
0.0127105	0.0201582	0.0272059	0.0335149
0.0141655	0.0236514	0.0311136	0.0361727
0.0056481	0.0116285	0.0168115	0.0216623
0.0063053	0.0108511	0.0140771	0.0170098
0.0057832	0.0086748	0.0101895	0.0118418
0.0091958	0.0166865	0.0216193	0.0255169
0.0066544	0.0093498	0.0117083	0.0135614
0.0054183	0.0100176	0.0139238	0.0167590
0.0113785	0.0167720	0.0237661	0.0285680
0.0036796	0.0061972	0.0083275	0.0100705
0.0059096	0.0092930	0.0132177	0.0156537
0.0077222	0.0117378	0.0146208	0.0174008
0.0090844	0.0158748	0.0201876	0.0234910
0.0066724	0.0103887	0.0123313	0.0134293
0.0106834	0.0237372	0.0357797	0.0459890
0.0043681	0.0084065	0.0110438	0.0131866
0.0161078	0.0184313	0.0281022	0.0331261
0.0089018	0.0175850	0.0247064	0.0313594
0.0108799	0.0158411	0.0211070	0.0250238
0.0102293	0.0183674	0.0239625	0.0293879
0.0069470	0.0133887	0.0189462	0.0236197
0.0094412	0.0128744	0.0159643	0.0180242
0.0105916	0.0201543	0.0291723	0.0374035
0.0098076	0.0222139	0.0336303	0.0436854
0.0096465	0.0220571	0.0327755	0.0425347
0.0083986	0.0110146	0.0147320	0.0172561
0.0042282	0.0072483	0.0093624	0.0111745
0.0114788	0.0168134	0.0217668	0.0256726
0.0091184	0.0154472	0.0222755	0.0270638
0.0130908	0.0125347	0.0195603	0.0227951
0.0117683	0.0172950	0.0241139	0.0282659
0.0090050	0.0148859	0.0185614	0.0216856
0.0097285	0.0164449	0.0226727	0.0278829
0.0078475	0.0163296	0.0235426	0.0302214
0.0145862	0.0243431	0.0328189	0.0393235
0.0161386	0.0293330	0.0395832	0.0490701
0.0079038	0.0179812	0.0255886	0.0327019
0.0144711	0.0225107	0.0283089	0.0322556
0.0059228	0.0102510	0.0138199	0.0168573
0.0085744	0.0293665	0.0473005	0.0623135
0.0050206	0.0075893	0.0096910	0.0114423
0.0130035	0.0180048	0.0238583	0.0273406
0.0103291	0.0170413	0.0207886	0.0219941
0.0096226	0.0145925	0.0180820	0.0210428
0.0129731	0.0234389	0.0309611	0.0372841
0.0061580	0.0187918	0.0293199	0.0380205
0.0045633	0.0124002	0.0181044	0.0222709
0.0040602	0.0115437	0.0177534	0.0228485
0.0085173	0.0188383	0.0259027	0.0317646
0.0099931	0.0130489	0.0167654	0.0183345
0.0094019	0.0156520	0.0205131	0.0242525
0.0138459	0.0249398	0.0334538	0.0409358
0.0140005	0.0194200	0.0269588	0.0319615
0.0109885	0.0196059	0.0274027	0.0336949
0.0048271	0.0080853	0.0104989	0.0126711
0.0075663	0.0144500	0.0205371	0.0246331
0.0056372	0.0076564	0.0100964	0.0113585
0.0141767	0.0191330	0.0241258	0.0279524
0.0129810	0.0234243	0.0311837	0.0364054
0.0038419	0.0056499	0.0070059	0.0079099
0.0055234	0.0134295	0.0197653	0.0249095
0.0054460	0.0085286	0.0104809	0.0120222
0.0098127	0.0221934	0.0337361	0.0436840
0.0123006	0.0218971	0.0300336	0.0367583
0.0095232	0.0145472	0.0187464	0.0224207
0.0107322	0.0173585	0.0237816	0.0278876
0.0064192	0.0099498	0.0125175	0.0147642
0.0040299	0.0066269	0.0081493	0.0092239
0.0060239	0.0100941	0.0131332	0.0151412
0.0060338	0.0107603	0.0143806	0.0168445
0.0087548	0.0120698	0.0148321	0.0165322
0.0071270	0.0114788	0.0149477	0.0181012
0.0081503	0.0155277	0.0213593	0.0261372
0.0091063	0.0177960	0.0263965	0.0337767
0.0103527	0.0155049	0.0182496	0.0193091
0.0100474	0.0134065	0.0188651	0.0227940
0.0139051	0.0332747	0.0488236	0.0623290
0.0107680	0.0140607	0.0191926	0.0220403
0.0089099	0.0253731	0.0388662	0.0497195
0.0061758	0.0095012	0.0117181	0.0137767
0.0118616	0.0240731	0.0332901	0.0403294
0.0048437	0.0100103	0.0136700	0.0167915
0.0189525	0.0247543	0.0321586	0.0357503
0.0089812	0.0158432	0.0208888	0.0250262
0.0164561	0.0287267	0.0385646	0.0464350
0.0093231	0.0240102	0.0368135	0.0474457
0.0061055	0.0119565	0.0167053	0.0208604
0.0069503	0.0127935	0.0170376	0.0207279
0.0070437	0.0139113	0.0189299	0.0242127
0.0116961	0.0184700	0.0247080	0.0289478
0.0079207	0.0102423	0.0126322	0.0142710
0.0114778	0.0192740	0.0263341	0.0324844
0.0078833	0.0095452	0.0128264	0.0145310
0.0041338	0.0086029	0.0119547	0.0150830
0.0159724	0.0278510	0.0363742	0.0452999
0.0048919	0.0095957	0.0134214	0.0159928
0.0059600	0.0086262	0.0105083	0.0119199
0.0087805	0.0164247	0.0226227	0.0284074
0.0099696	0.0126259	0.0173174	0.0203877
0.0032533	0.0075418	0.0106473	0.0130133
0.0138985	0.0255947	0.0332781	0.0410102
0.0103171	0.0151873	0.0185196	0.0207624
0.0132726	0.0149607	0.0212478	0.0232270
0.0127034	0.0216550	0.0300157	0.0378150
0.0128324	0.0189292	0.0226453	0.0265356
0.0061316	0.0091161	0.0113408	0.0128602
0.0052433	0.0092766	0.0132091	0.0155283
0.0084288	0.0163423	0.0244982	0.0317446
0.0077063	0.0142360	0.0201186	0.0250012
0.0090189	0.0131863	0.0151145	0.0162341
0.0036593	0.0074650	0.0102460	0.0130271
0.0130592	0.0240862	0.0311306	0.0359262
0.0107831	0.0191141	0.0261561	0.0319721
0.0063999	0.0120578	0.0166027	0.0212403
0.0129576	0.0205921	0.0269659	0.0319038
0.0051657	0.0078223	0.0094458	0.0107741
0.0078179	0.0100930	0.0141467	0.0166699
0.0141864	0.0209849	0.0271936	0.0323271
0.0168800	0.0228720	0.0276949	0.0311294
0.0065251	0.0111429	0.0147568	0.0179692
0.0094338	0.0126611	0.0148954	0.0163849
0.0097537	0.0155788	0.0186946	0.0215395
0.0066727	0.0098622	0.0134294	0.0159474
0.0143346	0.0196518	0.0263370	0.0307214
0.0089418	0.0112600	0.0144299	0.0162750
0.0125514	0.0201914	0.0255272	0.0302567
0.0073172	0.0112408	0.0143162	0.0166492
0.0066865	0.0110429	0.0155006	0.0184893
0.0039216	0.0072829	0.0097105	0.0117647
0.0113274	0.0208402	0.0283185	0.0350820
0.0158746	0.0285060	0.0389868	0.0487505
0.0058208	0.0134756	0.0200140	0.0252768
0.0093332	0.0156361	0.0210300	0.0258177
0.0075114	0.0181190	0.0263758	0.0324538
0.0061791	0.0144546	0.0210199	0.0265921
0.0089029	0.0147568	0.0159764	0.0160983
0.0082850	0.0165373	0.0238072	0.0304549
0.0074219	0.0110180	0.0143846	0.0166801
0.0140182	0.0229156	0.0287407	0.0348215
0.0092490	0.0198877	0.0290888	0.0372356
0.0132270	0.0142899	0.0196339	0.0214349
0.0078975	0.0133130	0.0173746	0.0210977
0.0127651	0.0237114	0.0321529	0.0391188
0.0047210	0.0071577	0.0091374	0.0106603
0.0086955	0.0129651	0.0171307	0.0203588
0.0094712	0.0149434	0.0193634	0.0228887
0.0096429	0.0180904	0.0240675	0.0295663
0.0085862	0.0153686	0.0202751	0.0251814
0.0114646	0.0204770	0.0281838	0.0340117
0.0087225	0.0139067	0.0181857	0.0214772
0.0080997	0.0115265	0.0137071	0.0151090
0.0172780	0.0147113	0.0247901	0.0278575
0.0027173	0.0062338	0.0092708	0.0119881
0.0091375	0.0169141	0.0224549	0.0266348
0.0069276	0.0105675	0.0129158	0.0151467
0.0093885	0.0180157	0.0254024	0.0325918
0.0039438	0.0064346	0.0083027	0.0101708
0.0137079	0.0245962	0.0336626	0.0414275
0.0095999	0.0134807	0.0167487	0.0192678
0.0078765	0.0125769	0.0153083	0.0167057
0.0123852	0.0250220	0.0344210	0.0414309
0.0114389	0.0235846	0.0347342	0.0443416
0.0083527	0.0131256	0.0171991	0.0198325
0.0073741	0.0217168	0.0350640	0.0470102
0.0155230	0.0235573	0.0296078	0.0349640
0.0035637	0.0072188	0.0103256	0.0127014
0.0065663	0.0096468	0.0121598	0.0140243
0.0092379	0.0145361	0.0209663	0.0244984
0.0110821	0.0201150	0.0267643	0.0321590
0.0057086	0.0105870	0.0148425	0.0182677
0.0053056	0.0136958	0.0213457	0.0277618
0.0057870	0.0118279	0.0168535	0.0215745
0.0060466	0.0131761	0.0183202	0.0222912
0.0203178	0.0237519	0.0290458	0.0317644
0.0131010	0.0219726	0.0289873	0.0338014
0.0069538	0.0201788	0.0325078	0.0432585
0.0116458	0.0139055	0.0192938	0.0215286
0.0116813	0.0306183	0.0472911	0.0611852
0.0046154	0.0071795	0.0089744	0.0105128
0.0073030	0.0160535	0.0215800	0.0274357
0.0076513	0.0159584	0.0228445	0.0282004
0.0102803	0.0149587	0.0179135	0.0193909
0.0062383	0.0119967	0.0166355	0.0208743
0.0118522	0.0210654	0.0268526	0.0319453
0.0157253	0.0221207	0.0279070	0.0321429
0.0124250	0.0141007	0.0197819	0.0224794
0.0108081	0.0318339	0.0472285	0.0625324
0.0086833	0.0141171	0.0191247	0.0231733
0.0085806	0.0142659	0.0190564	0.0232150
0.0136273	0.0242113	0.0336595	0.0419268
0.0039117	0.0081685	0.0119652	0.0150715
0.0071360	0.0159119	0.0244661	0.0320453
0.0135589	0.0119433	0.0205601	0.0229360
0.0062380	0.0092026	0.0120437	0.0142054
0.0072256	0.0112090	0.0138028	0.0160261
0.0117349	0.0186085	0.0254038	0.0308400
0.0080675	0.0119091	0.0158788	0.0185680
0.0030832	0.0046248	0.0053956	0.0057810
0.0081104	0.0148855	0.0208200	0.0259632
0.0104274	0.0175694	0.0233545	0.0285681
0.0081935	0.0116669	0.0146058	0.0172776
0.0108927	0.0220011	0.0312222	0.0396883
0.0095992	0.0174876	0.0233327	0.0287500
0.0060383	0.0131645	0.0193660	0.0246969
0.0047690	0.0077861	0.0105113	0.0127498
0.0065829	0.0104652	0.0131659	0.0156978
0.0070914	0.0114458	0.0136852	0.0144316
0.0069760	0.0103657	0.0137063	0.0162608
0.0126676	0.0138374	0.0188400	0.0210990
0.0147402	0.0194531	0.0246673	0.0277089
0.0162866	0.0190011	0.0240307	0.0253082
0.0083941	0.0186177	0.0273886	0.0352446
0.0137761	0.0308439	0.0446931	0.0561285
0.0074950	0.0153159	0.0214260	0.0259067
0.0053160	0.0112016	0.0165809	0.0206945
0.0109748	0.0122978	0.0174695	0.0198749
0.0073274	0.0127383	0.0178676	0.0221512
0.0138576	0.0193758	0.0273003	0.0327355
0.0118685	0.0197453	0.0263979	0.0324652
0.0051894	0.0104489	0.0153578	0.0196355
0.0125834	0.0228126	0.0317527	0.0390953
0.0137656	0.0211952	0.0277885	0.0332562
0.0130983	0.0256167	0.0362903	0.0446448
0.0059953	0.0127779	0.0190155	0.0244658
0.0058731	0.0177793	0.0279772	0.0364664
0.0044609	0.0065799	0.0078067	0.0084758
0.0063168	0.0112799	0.0159047	0.0179351
0.0079980	0.0149360	0.0200432	0.0244758
0.0133328	0.0190468	0.0255226	0.0292178
0.0087134	0.0206182	0.0315907	0.0412723
0.0152629	0.0207913	0.0243967	0.0266801
0.0069771	0.0167161	0.0238677	0.0290133
0.0088636	0.0216148	0.0328730	0.0424830
0.0152483	0.0218410	0.0268191	0.0299136
0.0078802	0.0123129	0.0150216	0.0172380
0.0089951	0.0230385	0.0340529	0.0442872
0.0070215	0.0107443	0.0142316	0.0170590
0.0173346	0.0267263	0.0341861	0.0401969
0.0117707	0.0130785	0.0182330	0.0207334
0.0082102	0.0115499	0.0139155	0.0158637
0.0072373	0.0147585	0.0215228	0.0269626
0.0056792	0.0108751	0.0147418	0.0184876
0.0103963	0.0185900	0.0238321	0.0277088
0.0123207	0.0174684	0.0221097	0.0264980
0.0104272	0.0176184	0.0238208	0.0292142
0.0129530	0.0232327	0.0324101	0.0385558
0.0037507	0.0079702	0.0109708	0.0135962
0.0121636	0.0236167	0.0332509	0.0415210
0.0077127	0.0204197	0.0314198	0.0404599
0.0104972	0.0223534	0.0321478	0.0410048
0.0059136	0.0110880	0.0154308	0.0193116
0.0108752	0.0223608	0.0330070	0.0428902
0.0133586	0.0201847	0.0257630	0.0308275
0.0182852	0.0237564	0.0297555	0.0328270
0.0072596	0.0142452	0.0197241	0.0249291
0.0173899	0.0280401	0.0366237	0.0432046
0.0042223	0.0133220	0.0214753	0.0280270
0.0114426	0.0151910	0.0186435	0.0207150
0.0094083	0.0164161	0.0209849	0.0241983
0.0095766	0.0144124	0.0160243	0.0163087
0.0091586	0.0170181	0.0227990	0.0272160
0.0112438	0.0137611	0.0185606	0.0208095
0.0071872	0.0110338	0.0138682	0.0166014
0.0098043	0.0225634	0.0335092	0.0428436
0.0056777	0.0095186	0.0131924	0.0163653
0.0058350	0.0096818	0.0140040	0.0164676
0.0077311	0.0199224	0.0306270	0.0398943
0.0167144	0.0249726	0.0317968	0.0377805
0.0123716	0.0212475	0.0290595	0.0360813
0.0123875	0.0162493	0.0223391	0.0261414
0.0170530	0.0288494	0.0372231	0.0434575
0.0127501	0.0226993	0.0309764	0.0391699
0.0104741	0.0196255	0.0279189	0.0350328
0.0143972	0.0242667	0.0318977	0.0389182
0.0040735	0.0095665	0.0135165	0.0172197
0.0050739	0.0081183	0.0098942	0.0117969
0.0100148	0.0229109	0.0341907	0.0433621
0.0106894	0.0176575	0.0240420	0.0292589
0.0058812	0.0096386	0.0127426	0.0156832
0.0089841	0.0151155	0.0206082	0.0251641
0.0104528	0.0131237	0.0173113	0.0197184
0.0087141	0.0103248	0.0142482	0.0164783
0.0133841	0.0228095	0.0300986	0.0368849
0.0043171	0.0089501	0.0125302	0.0157943
0.0107701	0.0183427	0.0248217	0.0297439
0.0077330	0.0154253	0.0223037	0.0285714
0.0130453	0.0234687	0.0312704	0.0382406
0.0082570	0.0119772	0.0159695	0.0188732
0.0052078	0.0078985	0.0099816	0.0118911
0.0122420	0.0202910	0.0275163	0.0337684
0.0125810	0.0183245	0.0232020	0.0261648
0.0077577	0.0120206	0.0160147	0.0192791
0.0066405	0.0120162	0.0160216	0.0196054
0.0060017	0.0119402	0.0168047	0.0214796
0.0108484	0.0211298	0.0297859	0.0386687
0.0072609	0.0168692	0.0254402	0.0327012
0.0086990	0.0130291	0.0163541	0.0187512
0.0107341	0.0206913	0.0298714	0.0382170
0.0121078	0.0163489	0.0213425	0.0240103
0.0090421	0.0139035	0.0169175	0.0205149
0.0118683	0.0157384	0.0214144	0.0236849
0.0128368	0.0222807	0.0307632	0.0380581
0.0048284	0.0087985	0.0121247	0.0144853
0.0080201	0.0159424	0.0224954	0.0286572
0.0050452	0.0087709	0.0120309	0.0143595
0.0110430	0.0110430	0.0180369	0.0212394
0.0056501	0.0088333	0.0116981	0.0140059
0.0080329	0.0144497	0.0199635	0.0250019
0.0109161	0.0231553	0.0317559	0.0397421
0.0101666	0.0138161	0.0162926	0.0182477
0.0118465	0.0165210	0.0213876	0.0243973
0.0112269	0.0240576	0.0350096	0.0438078
0.0091157	0.0164458	0.0215205	0.0263133
0.0078290	0.0186166	0.0274925	0.0358678
0.0131279	0.0209277	0.0241686	0.0253769
0.0059262	0.0109810	0.0137698	0.0155128
0.0033002	0.0077005	0.0116119	0.0150343
0.0113106	0.0174490	0.0226781	0.0271114
0.0036761	0.0065864	0.0088840	0.0110284
0.0040874	0.0075512	0.0105301	0.0133705
0.0084153	0.0093504	0.0130212	0.0141640
0.0095075	0.0131532	0.0168347	0.0190507
0.0102682	0.0137909	0.0171261	0.0192622
0.0205075	0.0258709	0.0321022	0.0353359
0.0081504	0.0138368	0.0175645	0.0216081
0.0128582	0.0172251	0.0221743	0.0257649
0.0064316	0.0145901	0.0209621	0.0258454
0.0119936	0.0246945	0.0361507	0.0459380
0.0125856	0.0177150	0.0222892	0.0250919
0.0067445	0.0115388	0.0157643	0.0195022
0.0134752	0.0195158	0.0234655	0.0264084
0.0062650	0.0090129	0.0111012	0.0129697
0.0094136	0.0164467	0.0219650	0.0275916
0.0101913	0.0207672	0.0289203	0.0336506
0.0071522	0.0120806	0.0167084	0.0202544
0.0102213	0.0172009	0.0211703	0.0235519
0.0114981	0.0176379	0.0225496	0.0252847
0.0095887	0.0165979	0.0212522	0.0241120
0.0077585	0.0121438	0.0151123	0.0181482
0.0088111	0.0199887	0.0296055	0.0380139
0.0092415	0.0187030	0.0257443	0.0308052
0.0057038	0.0097582	0.0127819	0.0151184
0.0071881	0.0127024	0.0166411	0.0203828
0.0196462	0.0258142	0.0344379	0.0390068
0.0128513	0.0180252	0.0208626	0.0228654
0.0127300	0.0237522	0.0323423	0.0390696
0.0144418	0.0174595	0.0240697	0.0274107
0.0075336	0.0149647	0.0213196	0.0268031
0.0076949	0.0138313	0.0192372	0.0240098
0.0085315	0.0116844	0.0148373	0.0174957
0.0040488	0.0075915	0.0105559	0.0135202
0.0069673	0.0104510	0.0124608	0.0147386
0.0100330	0.0166666	0.0247195	0.0305611
0.0091542	0.0123366	0.0155974	0.0176011
0.0128346	0.0190889	0.0223464	0.0238449
0.0053862	0.0115069	0.0144449	0.0166483
0.0096999	0.0122972	0.0169086	0.0199299
0.0150358	0.0229834	0.0286755	0.0328104
0.0113399	0.0123582	0.0171255	0.0190233
0.0066759	0.0098418	0.0122506	0.0142465
0.0084302	0.0151573	0.0198408	0.0235024
0.0114411	0.0182038	0.0241791	0.0288575
0.0071831	0.0170242	0.0255364	0.0328776
0.0049759	0.0073557	0.0102763	0.0121693
0.0075526	0.0151053	0.0218228	0.0277415
0.0097723	0.0184447	0.0254673	0.0318975
0.0071549	0.0153620	0.0225590	0.0289141
0.0095254	0.0255137	0.0401514	0.0529565
0.0086295	0.0219838	0.0330413	0.0410801
0.0140400	0.0200289	0.0243775	0.0267134
0.0084372	0.0126918	0.0163695	0.0195426
0.0082735	0.0131359	0.0166195	0.0187967
0.0154612	0.0231762	0.0303624	0.0360865
0.0095135	0.0182792	0.0259232	0.0330687
0.0142928	0.0102413	0.0178941	0.0205201
0.0088058	0.0163401	0.0227913	0.0284893
0.0112464	0.0201215	0.0265916	0.0324858
0.0063049	0.0091071	0.0116758	0.0140110
0.0102525	0.0144135	0.0190035	0.0224782
0.0147729	0.0178904	0.0229747	0.0256605
0.0088970	0.0144047	0.0183872	0.0217765
0.0057422	0.0113583	0.0161540	0.0200032
0.0100052	0.0147136	0.0190688	0.0224823
0.0096156	0.0121150	0.0168361	0.0192660
0.0046062	0.0076770	0.0101080	0.0120272
0.0117976	0.0321800	0.0484015	0.0597777
0.0117936	0.0269207	0.0394063	0.0508224
0.0092585	0.0144600	0.0185171	0.0220540
0.0111083	0.0152678	0.0183997	0.0195252
0.0065071	0.0102095	0.0137996	0.0166605
0.0088782	0.0192529	0.0283805	0.0356626
0.0127049	0.0191127	0.0232003	0.0256308
0.0122141	0.0151623	0.0188476	0.0212167
0.0092959	0.0144154	0.0171099	0.0192655
0.0099525	0.0186344	0.0231116	0.0252897
0.0138359	0.0208460	0.0250890	0.0284096
0.0085327	0.0166945	0.0236690	0.0291597
0.0070143	0.0141709	0.0201900	0.0253085
0.0082654	0.0127802	0.0153501	0.0169476
0.0042288	0.0077529	0.0107735	0.0133913
0.0128686	0.0199644	0.0240535	0.0270602
0.0102633	0.0152981	0.0182028	0.0201392
0.0063360	0.0129810	0.0187761	0.0237986
0.0100766	0.0156858	0.0207986	0.0250179
0.0138030	0.0239676	0.0324444	0.0406211
0.0099913	0.0184975	0.0266796	0.0327825
0.0096942	0.0146119	0.0213386	0.0273020
0.0103888	0.0189293	0.0258126	0.0315488
0.0081044	0.0137948	0.0179332	0.0212095
0.0127951	0.0203215	0.0276072	0.0335380
0.0129292	0.0204226	0.0277932	0.0341809
0.0050391	0.0136617	0.0156773	0.0171331
0.0100159	0.0089187	0.0144752	0.0167049
0.0057956	0.0091227	0.0113766	0.0127718
0.0130958	0.0266037	0.0377305	0.0480332
0.0058440	0.0100476	0.0135335	0.0163017
0.0094214	0.0168399	0.0227005	0.0241842
0.0085240	0.0148407	0.0190178	0.0219383
0.0133191	0.0271629	0.0387062	0.0498862
0.0123956	0.0190789	0.0249054	0.0301037
0.0086924	0.0265283	0.0415350	0.0536715
0.0104795	0.0165131	0.0215941	0.0257223
0.0101240	0.0151161	0.0181487	0.0202948
0.0085182	0.0171300	0.0243689	0.0315766
0.0043899	0.0078819	0.0109748	0.0136686
0.0081960	0.0133255	0.0182877	0.0220234
0.0110579	0.0198340	0.0270303	0.0331736
0.0095479	0.0145492	0.0189947	0.0229351
0.0075885	0.0114226	0.0144580	0.0169343
0.0130999	0.0234519	0.0322981	0.0397516
0.0168149	0.0212051	0.0271275	0.0306065
0.0125631	0.0220266	0.0294457	0.0345566
0.0111568	0.0181344	0.0245150	0.0294777
0.0116523	0.0219792	0.0313950	0.0390987
0.0129842	0.0211251	0.0275829	0.0332506
0.0140688	0.0255660	0.0340375	0.0404668
0.0165394	0.0195127	0.0241586	0.0259241
0.0086065	0.0157786	0.0213859	0.0266020
0.0079200	0.0123918	0.0165943	0.0202040
0.0071765	0.0101077	0.0127358	0.0149595
0.0067961	0.0097752	0.0128939	0.0153610
0.0058421	0.0091804	0.0116842	0.0136315
0.0145764	0.0185270	0.0247594	0.0286761
0.0125539	0.0224393	0.0307480	0.0382681
0.0142070	0.0287522	0.0416062	0.0527012
0.0087339	0.0124969	0.0160741	0.0187687
0.0123446	0.0163402	0.0191430	0.0208128
0.0074434	0.0127803	0.0171340	0.0210664
0.0104722	0.0189809	0.0248716	0.0304349
0.0111218	0.0166827	0.0216170	0.0252198
0.0147068	0.0213417	0.0273429	0.0321183
0.0100651	0.0210565	0.0305657	0.0387166
0.0032665	0.0063152	0.0087106	0.0106705
0.0120359	0.0171942	0.0214928	0.0249930
0.0102402	0.0193322	0.0247626	0.0278037
0.0088964	0.0122022	0.0165775	0.0188137
0.0115739	0.0254424	0.0374888	0.0460596
0.0131264	0.0271597	0.0380903	0.0460138
0.0123117	0.0235129	0.0332174	0.0411838
0.0066165	0.0076984	0.0111523	0.0128584
0.0092601	0.0160175	0.0211731	0.0262786
0.0071804	0.0111858	0.0152401	0.0180732
0.0060705	0.0085399	0.0125526	0.0138902
0.0086863	0.0138192	0.0185571	0.0219133
0.0049606	0.0141731	0.0221455	0.0282280
0.0245034	0.0347474	0.0427265	0.0497274
0.0099063	0.0222761	0.0339644	0.0441852
0.0059071	0.0091888	0.0117047	0.0141113
0.0132744	0.0223796	0.0291854	0.0335694
0.0115253	0.0168403	0.0198615	0.0219317
0.0117744	0.0165578	0.0219237	0.0261246
0.0122378	0.0262019	0.0380533	0.0486680
0.0077574	0.0117537	0.0143394	0.0162200
0.0060847	0.0111704	0.0147123	0.0186174
0.0084470	0.0147625	0.0210781	0.0269989
0.0112173	0.0141642	0.0170160	0.0186321
0.0046777	0.0079521	0.0102910	0.0126298
0.0129329	0.0170102	0.0205142	0.0231262
0.0141319	0.0232760	0.0305018	0.0369604
0.0087075	0.0135824	0.0173814	0.0198357
0.0038713	0.0060392	0.0080523	0.0097556
0.0115356	0.0168498	0.0221639	0.0258579
0.0057071	0.0085607	0.0102977	0.0125309
0.0063451	0.0106550	0.0138874	0.0166409
0.0099814	0.0134837	0.0162271	0.0178615
0.0099580	0.0165774	0.0211535	0.0242905
0.0078067	0.0163363	0.0241912	0.0308897
0.0172116	0.0242202	0.0318963	0.0368549
0.0061261	0.0103832	0.0138097	0.0165094
0.0070489	0.0104427	0.0120092	0.0127924
0.0103187	0.0169031	0.0224554	0.0270251
0.0149140	0.0214626	0.0275191	0.0323265
0.0074617	0.0135218	0.0193758	0.0221378
0.0095662	0.0171842	0.0244825	0.0273319
0.0054810	0.0093755	0.0119717	0.0138468
0.0145695	0.0173714	0.0232952	0.0263371
0.0112284	0.0271911	0.0386319	0.0499515
0.0160415	0.0243161	0.0310170	0.0365503
0.0090228	0.0177894	0.0264534	0.0337845
0.0162961	0.0217282	0.0249292	0.0275482
0.0106596	0.0251115	0.0365912	0.0454572
0.0075819	0.0184053	0.0277452	0.0353271
0.0082682	0.0171914	0.0249684	0.0326637
0.0044183	0.0069956	0.0090820	0.0105547
0.0090165	0.0152445	0.0192415	0.0240751
0.0060107	0.0168300	0.0259796	0.0344613
0.0056824	0.0126215	0.0186318	0.0240956
0.0178955	0.0343329	0.0472574	0.0583260
0.0100611	0.0147525	0.0192178	0.0223267
0.0144225	0.0168625	0.0232604	0.0266762
0.0100929	0.0181509	0.0235229	0.0284880
0.0068795	0.0123237	0.0168275	0.0198466
0.0128242	0.0282199	0.0393841	0.0481073
0.0113651	0.0197506	0.0249436	0.0307751
0.0077354	0.0203243	0.0310426	0.0401935
0.0114497	0.0205736	0.0288478	0.0355566
0.0170934	0.0284890	0.0376641	0.0443255
0.0100801	0.0183734	0.0259924	0.0329709
0.0083919	0.0201669	0.0304480	0.0393672
0.0083768	0.0180746	0.0261937	0.0328951
0.0103797	0.0130350	0.0182248	0.0201961
0.0148684	0.0225806	0.0273267	0.0300334
0.0112423	0.0184089	0.0252018	0.0311457
0.0127591	0.0270396	0.0380352	0.0475094
0.0074995	0.0089994	0.0113175	0.0121356
0.0078806	0.0135676	0.0179548	0.0212857
0.0063293	0.0101269	0.0123422	0.0143464
0.0044397	0.0091331	0.0136363	0.0175686
0.0112252	0.0187276	0.0248197	0.0303476
0.0102396	0.0160486	0.0214637	0.0262882
0.0060901	0.0090429	0.0115344	0.0131953
0.0072736	0.0187760	0.0264724	0.0339998
0.0047064	0.0084323	0.0111778	0.0135310
0.0070275	0.0124332	0.0169122	0.0209279
0.0117083	0.0138491	0.0193100	0.0220623
0.0088757	0.0144305	0.0188382	0.0220383
0.0112725	0.0151086	0.0194493	0.0220066
0.0058632	0.0120615	0.0172547	0.0217777
0.0092832	0.0130407	0.0163929	0.0177928
0.0067907	0.0129422	0.0172962	0.0204918
0.0071250	0.0136258	0.0187745	0.0231952
0.0087159	0.0177274	0.0245229	0.0305797
0.0126174	0.0208772	0.0269258	0.0316735
0.0082666	0.0138291	0.0189282	0.0232933
0.0116632	0.0241922	0.0334617	0.0405410
0.0078561	0.0186465	0.0276069	0.0341379
0.0060907	0.0100605	0.0131058	0.0157705
0.0119851	0.0173118	0.0240654	0.0282506
0.0108254	0.0173427	0.0215403	0.0247437
0.0116286	0.0095637	0.0154324	0.0177147
0.0115111	0.0153481	0.0209085	0.0241277
0.0134527	0.0175616	0.0220083	0.0252166
0.0105865	0.0199297	0.0269991	0.0322570
0.0142136	0.0192301	0.0220728	0.0235778
0.0102929	0.0231071	0.0337454	0.0430712
0.0059307	0.0088531	0.0106581	0.0122913
0.0164391	0.0168574	0.0242612	0.0276077
0.0073175	0.0127241	0.0173849	0.0213000
0.0108670	0.0172086	0.0236692	0.0285519
0.0092716	0.0135042	0.0155198	0.0173338
0.0050798	0.0106677	0.0158604	0.0202064
0.0110391	0.0193416	0.0259278	0.0318649
0.0140984	0.0093484	0.0180651	0.0215518
0.0084281	0.0124037	0.0158227	0.0187646
0.0088963	0.0138972	0.0183717	0.0221092
0.0092374	0.0129764	0.0176894	0.0210513
0.0048163	0.0093218	0.0124291	0.0150703
0.0113149	0.0145477	0.0225143	0.0259204
0.0080786	0.0142617	0.0197303	0.0241114
0.0138725	0.0179187	0.0209244	0.0226584
0.0055194	0.0095604	0.0131086	0.0160654
0.0132581	0.0197680	0.0245314	0.0274687
0.0092986	0.0144815	0.0176064	0.0195119
0.0060036	0.0143703	0.0195436	0.0244615
0.0027665	0.0077964	0.0115688	0.0145868
0.0071381	0.0132724	0.0184772	0.0229385
0.0145736	0.0193610	0.0228811	0.0254862
0.0112836	0.0142184	0.0194302	0.0225674
0.0057815	0.0126037	0.0189633	0.0242246
0.0089944	0.0065959	0.0136201	0.0154190
0.0090029	0.0230945	0.0349799	0.0459756
0.0096080	0.0164543	0.0225614	0.0275405
0.0136525	0.0204168	0.0253813	0.0287324
0.0059194	0.0134736	0.0202950	0.0265526
0.0112235	0.0177404	0.0230505	0.0271537
0.0099936	0.0216645	0.0317980	0.0407432
0.0091252	0.0192211	0.0263400	0.0316468
0.0071007	0.0153361	0.0234249	0.0298668
0.0105514	0.0131893	0.0157257	0.0172475
0.0080485	0.0175468	0.0264451	0.0347936
0.0084799	0.0115853	0.0146906	0.0169002
0.0107827	0.0178700	0.0239448	0.0289058
0.0119495	0.0259508	0.0365726	0.0444182
0.0060886	0.0093723	0.0125876	0.0145032
0.0094202	0.0122749	0.0144158	0.0154149
0.0067041	0.0097256	0.0123695	0.0144468
0.0073856	0.0113422	0.0150350	0.0181564
0.0061909	0.0092863	0.0108341	0.0120722
0.0149508	0.0195558	0.0236563	0.0274413
0.0081012	0.0160318	0.0219158	0.0276293
0.0089474	0.0126995	0.0155858	0.0171732
0.0100462	0.0159255	0.0196928	0.0226609
0.0079834	0.0135039	0.0174106	0.0199585
0.0125861	0.0169929	0.0220673	0.0251054
0.0060694	0.0077246	0.0102469	0.0113505
0.0195825	0.0267416	0.0324795	0.0371645
0.0108523	0.0222112	0.0336784	0.0443499
0.0039918	0.0064312	0.0084271	0.0099794
0.0086861	0.0136261	0.0181133	0.0213243
0.0059250	0.0111918	0.0144834	0.0167876
0.0062240	0.0132117	0.0191303	0.0243233
0.0093096	0.0144025	0.0186192	0.0216312
0.0089260	0.0156489	0.0210805	0.0260562
0.0151382	0.0235418	0.0292402	0.0325788
0.0134332	0.0195428	0.0255349	0.0296080
0.0040513	0.0077074	0.0108694	0.0135373
0.0074860	0.0113182	0.0136353	0.0149721
0.0122878	0.0230288	0.0322231	0.0397847
0.0107265	0.0150537	0.0193809	0.0230377
0.0085620	0.0132362	0.0155951	0.0165125
0.0116423	0.0194379	0.0250284	0.0285672
0.0059657	0.0105465	0.0147544	0.0184831
0.0077667	0.0125747	0.0162731	0.0193798
0.0078464	0.0131164	0.0176838	0.0214313
0.0096867	0.0182086	0.0248299	0.0291828
0.0139702	0.0190674	0.0252344	0.0295450
0.0094034	0.0177665	0.0250891	0.0318116
0.0082868	0.0148114	0.0203983	0.0250855
0.0127755	0.0199822	0.0260190	0.0309326
0.0112773	0.0192053	0.0256071	0.0309914
0.0063469	0.0121650	0.0164624	0.0200986
0.0037290	0.0072450	0.0102282	0.0127853
0.0079065	0.0155553	0.0220008	0.0271142
0.0211710	0.0339649	0.0462003	0.0578267
0.0077273	0.0111325	0.0136210	0.0155855
0.0077578	0.0170240	0.0246955	0.0321516
0.0086664	0.0133651	0.0159754	0.0178549
0.0128066	0.0143369	0.0196528	0.0218275
0.0075223	0.0142443	0.0198993	0.0250743
0.0063843	0.0097215	0.0120431	0.0132039
0.0093589	0.0133520	0.0157854	0.0169708
0.0111995	0.0175404	0.0217402	0.0261871
0.0089775	0.0152238	0.0225670	0.0278506
0.0063970	0.0100694	0.0126756	0.0154003
0.0137945	0.0207948	0.0279714	0.0339127
0.0083598	0.0173244	0.0249372	0.0304868
0.0218174	0.0305624	0.0367831	0.0401189
0.0055008	0.0094300	0.0128352	0.0158214
0.0040960	0.0068267	0.0077369	0.0082830
0.0084007	0.0134802	0.0168015	0.0193412
0.0097827	0.0180414	0.0253170	0.0319042
0.0059086	0.0103086	0.0130744	0.0147087
0.0145140	0.0242756	0.0300555	0.0365419
0.0045832	0.0074689	0.0089966	0.0098453
0.0119812	0.0211474	0.0291271	0.0368509
0.0090150	0.0191921	0.0288762	0.0368700
0.0041887	0.0070885	0.0088070	0.0100958
0.0100049	0.0201934	0.0291428	0.0356597
0.0097409	0.0154555	0.0207806	0.0247419
0.0097723	0.0186665	0.0263709	0.0322343
0.0123065	0.0206561	0.0287254	0.0357977
0.0079578	0.0115552	0.0154250	0.0180412
0.0047847	0.0071045	0.0088444	0.0102943
0.0042608	0.0068984	0.0087244	0.0101447
0.0055064	0.0106195	0.0154179	0.0195083
0.0087568	0.0131352	0.0159536	0.0175639
0.0067190	0.0131581	0.0184773	0.0197371
0.0100356	0.0158103	0.0205197	0.0239396
0.0102497	0.0114505	0.0158677	0.0170685
0.0103586	0.0148905	0.0178686	0.0200050
0.0106171	0.0163389	0.0210435	0.0255574
0.0047900	0.0073379	0.0092743	0.0108030
0.0106919	0.0141523	0.0193429	0.0222710
0.0052450	0.0091787	0.0120635	0.0145549
